Temperature (K)	Pressure (MPa)	Density (mol/l)	Volume (l/mol)	Internal Energy (kJ/mol)	Enthalpy (kJ/mol)	Entropy (J/mol*K)	Cv (J/mol*K)	Cp (J/mol*K)	Sound Spd. (m/s)	Joule-Thomson (K/MPa)	Viscosity (uPa*s)	Therm. Cond. (W/m*K)	Phase
273.16	0.10000	55.500	0.018018	3.3200e-05	0.0018350	0.00012137	75.970	76.014	1402.4	-0.24141	1791.1	0.55567	liquid
275.37	0.10000	55.506	0.018016	0.16814	0.16994	0.61305	75.879	75.887	1413.3	-0.23929	1661.1	0.56121	liquid
277.59	0.10000	55.507	0.018016	0.33598	0.33779	1.2201	75.779	75.780	1423.6	-0.23726	1545.5	0.56649	liquid
279.80	0.10000	55.504	0.018017	0.50361	0.50541	1.8216	75.671	75.689	1433.4	-0.23531	1442.3	0.57153	liquid
282.01	0.10000	55.497	0.018019	0.67105	0.67285	2.4177	75.556	75.612	1442.7	-0.23344	1349.8	0.57637	liquid
284.23	0.10000	55.486	0.018022	0.83834	0.84014	3.0086	75.434	75.547	1451.5	-0.23163	1266.4	0.58101	liquid
286.44	0.10000	55.472	0.018027	1.0055	1.0073	3.5944	75.306	75.492	1459.8	-0.22989	1191.0	0.58547	liquid
288.65	0.10000	55.454	0.018033	1.1725	1.1743	4.1753	75.172	75.447	1467.7	-0.22820	1122.6	0.58976	liquid
290.87	0.10000	55.434	0.018040	1.3395	1.3413	4.7515	75.033	75.409	1475.1	-0.22656	1060.2	0.59390	liquid
293.08	0.10000	55.410	0.018047	1.5064	1.5082	5.3230	74.888	75.378	1482.1	-0.22497	1003.3	0.59789	liquid
295.29	0.10000	55.383	0.018056	1.6732	1.6750	5.8900	74.739	75.353	1488.7	-0.22341	951.14	0.60174	liquid
297.51	0.10000	55.354	0.018066	1.8399	1.8417	6.4527	74.585	75.333	1495.0	-0.22190	903.21	0.60546	liquid
299.72	0.10000	55.322	0.018076	2.0067	2.0085	7.0110	74.427	75.317	1500.8	-0.22042	859.06	0.60905	liquid
301.93	0.10000	55.287	0.018087	2.1733	2.1752	7.5651	74.264	75.305	1506.3	-0.21897	818.30	0.61253	liquid
304.15	0.10000	55.250	0.018100	2.3400	2.3418	8.1151	74.097	75.297	1511.4	-0.21756	780.57	0.61589	liquid
306.36	0.10000	55.211	0.018112	2.5067	2.5085	8.6611	73.927	75.292	1516.2	-0.21616	745.59	0.61915	liquid
308.57	0.10000	55.169	0.018126	2.6733	2.6751	9.2031	73.753	75.290	1520.7	-0.21480	713.07	0.62230	liquid
310.79	0.10000	55.125	0.018140	2.8400	2.8418	9.7412	73.576	75.291	1524.8	-0.21345	682.80	0.62534	liquid
313.00	0.10000	55.080	0.018156	3.0066	3.0084	10.276	73.396	75.293	1528.7	-0.21212	654.56	0.62829	liquid
315.21	0.10000	55.032	0.018171	3.1733	3.1751	10.806	73.212	75.298	1532.2	-0.21082	628.17	0.63114	liquid
317.43	0.10000	54.982	0.018188	3.3399	3.3418	11.333	73.026	75.304	1535.4	-0.20952	603.48	0.63390	liquid
319.64	0.10000	54.930	0.018205	3.5066	3.5084	11.856	72.837	75.312	1538.4	-0.20825	580.34	0.63657	liquid
321.85	0.10000	54.876	0.018223	3.6733	3.6751	12.376	72.646	75.322	1541.1	-0.20698	558.62	0.63915	liquid
324.07	0.10000	54.821	0.018241	3.8401	3.8419	12.892	72.452	75.333	1543.6	-0.20573	538.20	0.64164	liquid
326.28	0.10000	54.764	0.018260	4.0068	4.0086	13.405	72.256	75.345	1545.7	-0.20448	518.98	0.64405	liquid
328.49	0.10000	54.705	0.018280	4.1736	4.1754	13.915	72.059	75.359	1547.7	-0.20325	500.87	0.64638	liquid
330.71	0.10000	54.644	0.018300	4.3404	4.3422	14.421	71.859	75.375	1549.4	-0.20202	483.79	0.64862	liquid
332.92	0.10000	54.582	0.018321	4.5073	4.5091	14.924	71.658	75.391	1550.8	-0.20079	467.65	0.65078	liquid
335.14	0.10000	54.518	0.018342	4.6741	4.6760	15.423	71.455	75.409	1552.1	-0.19958	452.39	0.65286	liquid
337.35	0.10000	54.453	0.018364	4.8411	4.8429	15.920	71.251	75.428	1553.1	-0.19836	437.94	0.65487	liquid
339.56	0.10000	54.386	0.018387	5.0080	5.0099	16.413	71.046	75.449	1553.9	-0.19714	424.26	0.65679	liquid
341.78	0.10000	54.317	0.018410	5.1751	5.1769	16.903	70.840	75.471	1554.5	-0.19593	411.28	0.65865	liquid
343.99	0.10000	54.247	0.018434	5.3421	5.3440	17.391	70.633	75.494	1554.9	-0.19472	398.95	0.66042	liquid
346.20	0.10000	54.176	0.018458	5.5093	5.5111	17.875	70.426	75.519	1555.1	-0.19350	387.24	0.66212	liquid
348.42	0.10000	54.103	0.018483	5.6764	5.6783	18.356	70.217	75.545	1555.1	-0.19228	376.11	0.66375	liquid
350.63	0.10000	54.029	0.018509	5.8437	5.8455	18.835	70.008	75.572	1554.9	-0.19106	365.51	0.66531	liquid
352.84	0.10000	53.953	0.018535	6.0110	6.0128	19.310	69.799	75.602	1554.5	-0.18983	355.42	0.66679	liquid
355.06	0.10000	53.876	0.018561	6.1783	6.1802	19.783	69.590	75.632	1553.9	-0.18860	345.79	0.66821	liquid
357.27	0.10000	53.798	0.018588	6.3458	6.3476	20.253	69.381	75.664	1553.2	-0.18736	336.61	0.66955	liquid
359.48	0.10000	53.718	0.018616	6.5133	6.5152	20.721	69.171	75.698	1552.3	-0.18611	327.85	0.67083	liquid
361.70	0.10000	53.637	0.018644	6.6809	6.6827	21.186	68.962	75.734	1551.2	-0.18486	319.47	0.67203	liquid
363.91	0.10000	53.554	0.018673	6.8485	6.8504	21.648	68.753	75.771	1550.0	-0.18359	311.47	0.67317	liquid
366.12	0.10000	53.471	0.018702	7.0163	7.0182	22.107	68.544	75.810	1548.6	-0.18232	303.81	0.67424	liquid
368.34	0.10000	53.386	0.018732	7.1841	7.1860	22.564	68.336	75.851	1547.1	-0.18103	296.48	0.67525	liquid
370.55	0.10000	53.299	0.018762	7.3521	7.3539	23.019	68.128	75.894	1545.4	-0.17973	289.46	0.67619	liquid
372.76	0.10000	53.212	0.018793	7.5196	7.5214	23.470	67.921	75.938	1543.5	-0.17843	282.75	0.67706	liquid
372.76	0.10000	0.032769	30.517	45.138	48.190	132.57	28.010	37.444	471.99	67.038	12.218	0.024532	vapor
372.76	0.10000	0.032768	30.517	45.138	48.190	132.57	28.010	37.443	472.00	67.031	12.219	0.024532	vapor
374.98	0.10000	0.032559	30.713	45.202	48.273	132.79	27.886	37.268	473.58	64.854	12.304	0.024716	vapor
377.19	0.10000	0.032354	30.908	45.264	48.355	133.01	27.780	37.114	475.13	62.833	12.389	0.024899	vapor
379.40	0.10000	0.032151	31.103	45.327	48.437	133.23	27.687	36.978	476.67	60.940	12.475	0.025084	vapor
381.62	0.10000	0.031951	31.298	45.389	48.519	133.44	27.605	36.856	478.18	59.158	12.561	0.025269	vapor
383.83	0.10000	0.031755	31.492	45.451	48.600	133.66	27.531	36.745	479.68	57.471	12.646	0.025454	vapor
386.04	0.10000	0.031561	31.685	45.513	48.682	133.87	27.466	36.644	481.17	55.868	12.732	0.025640	vapor
388.26	0.10000	0.031369	31.878	45.575	48.763	134.08	27.406	36.552	482.65	54.340	12.819	0.025826	vapor
390.47	0.10000	0.031181	32.071	45.636	48.843	134.28	27.352	36.467	484.11	52.881	12.905	0.026013	vapor
392.68	0.10000	0.030995	32.264	45.698	48.924	134.49	27.303	36.389	485.57	51.483	12.991	0.026201	vapor
394.90	0.10000	0.030811	32.456	45.759	49.004	134.69	27.259	36.317	487.01	50.144	13.078	0.026389	vapor
397.11	0.10000	0.030630	32.648	45.820	49.085	134.90	27.218	36.250	488.45	48.858	13.164	0.026578	vapor
399.32	0.10000	0.030451	32.840	45.881	49.165	135.10	27.181	36.188	489.87	47.622	13.251	0.026767	vapor
401.54	0.10000	0.030274	33.031	45.942	49.245	135.30	27.147	36.131	491.29	46.434	13.338	0.026957	vapor
403.75	0.10000	0.030100	33.222	46.003	49.325	135.50	27.116	36.078	492.70	45.290	13.425	0.027147	vapor
405.96	0.10000	0.029928	33.413	46.063	49.405	135.69	27.088	36.029	494.10	44.188	13.512	0.027338	vapor
408.18	0.10000	0.029758	33.604	46.124	49.484	135.89	27.063	35.983	495.49	43.127	13.599	0.027530	vapor
410.39	0.10000	0.029590	33.795	46.184	49.564	136.08	27.040	35.941	496.88	42.103	13.687	0.027722	vapor
412.60	0.10000	0.029425	33.985	46.245	49.643	136.28	27.020	35.902	498.26	41.116	13.774	0.027915	vapor
414.82	0.10000	0.029261	34.175	46.305	49.723	136.47	27.001	35.866	499.63	40.163	13.862	0.028109	vapor
417.03	0.10000	0.029099	34.365	46.366	49.802	136.66	26.985	35.832	500.99	39.244	13.949	0.028303	vapor
419.24	0.10000	0.028940	34.555	46.426	49.882	136.85	26.971	35.802	502.35	38.356	14.037	0.028498	vapor
421.46	0.10000	0.028782	34.744	46.486	49.961	137.04	26.958	35.774	503.70	37.498	14.125	0.028693	vapor
423.67	0.10000	0.028626	34.934	46.546	50.040	137.23	26.947	35.748	505.05	36.669	14.213	0.028889	vapor
425.88	0.10000	0.028471	35.123	46.607	50.119	137.41	26.938	35.724	506.38	35.867	14.301	0.029086	vapor
428.10	0.10000	0.028319	35.312	46.667	50.198	137.60	26.930	35.703	507.72	35.092	14.389	0.029283	vapor
430.31	0.10000	0.028168	35.501	46.727	50.277	137.78	26.924	35.684	509.04	34.342	14.478	0.029481	vapor
432.52	0.10000	0.028019	35.690	46.787	50.356	137.96	26.919	35.666	510.36	33.616	14.566	0.029680	vapor
434.74	0.10000	0.027872	35.879	46.847	50.435	138.15	26.915	35.650	511.68	32.913	14.655	0.029879	vapor
436.95	0.10000	0.027726	36.067	46.907	50.514	138.33	26.912	35.636	512.99	32.233	14.743	0.030079	vapor
439.16	0.10000	0.027582	36.256	46.967	50.593	138.51	26.911	35.624	514.29	31.574	14.832	0.030279	vapor
441.38	0.10000	0.027439	36.444	47.027	50.672	138.69	26.911	35.613	515.59	30.936	14.921	0.030480	vapor
443.59	0.10000	0.027298	36.632	47.087	50.750	138.86	26.912	35.604	516.88	30.317	15.010	0.030682	vapor
445.81	0.10000	0.027159	36.821	47.147	50.829	139.04	26.914	35.596	518.17	29.717	15.099	0.030884	vapor
448.02	0.10000	0.027021	37.009	47.207	50.908	139.22	26.916	35.589	519.46	29.135	15.188	0.031087	vapor
450.23	0.10000	0.026884	37.196	47.267	50.987	139.39	26.920	35.583	520.73	28.570	15.277	0.031291	vapor
452.45	0.10000	0.026749	37.384	47.327	51.065	139.57	26.925	35.579	522.01	28.022	15.366	0.031495	vapor
454.66	0.10000	0.026616	37.572	47.387	51.144	139.74	26.930	35.576	523.27	27.490	15.455	0.031700	vapor
456.87	0.10000	0.026483	37.760	47.447	51.223	139.91	26.936	35.574	524.54	26.974	15.545	0.031905	vapor
459.09	0.10000	0.026352	37.947	47.507	51.302	140.09	26.943	35.573	525.80	26.472	15.634	0.032111	vapor
461.30	0.10000	0.026223	38.135	47.567	51.380	140.26	26.951	35.573	527.05	25.985	15.724	0.032318	vapor
463.51	0.10000	0.026095	38.322	47.627	51.459	140.43	26.959	35.574	528.30	25.512	15.813	0.032525	vapor
465.73	0.10000	0.025968	38.509	47.687	51.538	140.60	26.968	35.575	529.55	25.051	15.903	0.032733	vapor
467.94	0.10000	0.025842	38.696	47.747	51.617	140.77	26.977	35.578	530.79	24.604	15.992	0.032942	vapor
470.15	0.10000	0.025718	38.884	47.807	51.695	140.93	26.987	35.582	532.03	24.168	16.082	0.033151	vapor
472.37	0.10000	0.025595	39.071	47.867	51.774	141.10	26.998	35.586	533.26	23.745	16.172	0.033361	vapor
474.58	0.10000	0.025473	39.258	47.927	51.853	141.27	27.009	35.591	534.49	23.333	16.262	0.033572	vapor
476.79	0.10000	0.025352	39.445	47.987	51.932	141.43	27.021	35.597	535.71	22.932	16.352	0.033783	vapor
479.01	0.10000	0.025232	39.632	48.047	52.010	141.60	27.033	35.603	536.93	22.541	16.442	0.033994	vapor
481.22	0.10000	0.025114	39.818	48.107	52.089	141.76	27.046	35.610	538.15	22.161	16.532	0.034207	vapor
483.43	0.10000	0.024997	40.005	48.168	52.168	141.93	27.059	35.618	539.36	21.790	16.622	0.034419	vapor
485.65	0.10000	0.024881	40.192	48.228	52.247	142.09	27.073	35.626	540.57	21.429	16.713	0.034633	vapor
487.86	0.10000	0.024766	40.378	48.288	52.326	142.25	27.087	35.635	541.77	21.077	16.803	0.034847	vapor
490.07	0.10000	0.024652	40.565	48.348	52.405	142.41	27.101	35.644	542.97	20.735	16.893	0.035062	vapor
492.29	0.10000	0.024539	40.751	48.408	52.484	142.57	27.116	35.654	544.17	20.400	16.984	0.035277	vapor
494.50	0.10000	0.024427	40.938	48.469	52.563	142.73	27.131	35.665	545.36	20.074	17.074	0.035493	vapor
496.71	0.10000	0.024316	41.124	48.529	52.641	142.89	27.147	35.676	546.55	19.756	17.165	0.035709	vapor
498.93	0.10000	0.024207	41.311	48.589	52.720	143.05	27.162	35.687	547.74	19.446	17.255	0.035926	vapor
501.14	0.10000	0.024098	41.497	48.650	52.799	143.21	27.179	35.699	548.92	19.143	17.346	0.036144	vapor
503.35	0.10000	0.023990	41.683	48.710	52.878	143.37	27.195	35.711	550.10	18.847	17.436	0.036362	vapor
505.57	0.10000	0.023884	41.870	48.771	52.958	143.52	27.212	35.724	551.28	18.558	17.527	0.036581	vapor
507.78	0.10000	0.023778	42.056	48.831	53.037	143.68	27.229	35.737	552.45	18.276	17.618	0.036800	vapor
509.99	0.10000	0.023673	42.242	48.892	53.116	143.83	27.246	35.751	553.62	18.001	17.709	0.037020	vapor
512.21	0.10000	0.023569	42.428	48.952	53.195	143.99	27.264	35.765	554.78	17.732	17.799	0.037241	vapor
514.42	0.10000	0.023466	42.614	49.013	53.274	144.14	27.282	35.779	555.94	17.469	17.890	0.037462	vapor
516.63	0.10000	0.023364	42.800	49.073	53.353	144.30	27.300	35.794	557.10	17.212	17.981	0.037684	vapor
518.85	0.10000	0.023263	42.986	49.134	53.433	144.45	27.318	35.809	558.26	16.961	18.072	0.037906	vapor
521.06	0.10000	0.023163	43.172	49.195	53.512	144.60	27.337	35.824	559.41	16.715	18.163	0.038129	vapor
523.27	0.10000	0.023064	43.358	49.255	53.591	144.75	27.356	35.839	560.56	16.475	18.254	0.038352	vapor
525.49	0.10000	0.022965	43.544	49.316	53.670	144.90	27.375	35.855	561.71	16.240	18.345	0.038576	vapor
527.70	0.10000	0.022868	43.730	49.377	53.750	145.06	27.394	35.872	562.85	16.010	18.436	0.038801	vapor
529.91	0.10000	0.022771	43.915	49.438	53.829	145.21	27.413	35.888	563.99	15.786	18.527	0.039026	vapor
532.13	0.10000	0.022675	44.101	49.499	53.909	145.36	27.433	35.905	565.12	15.566	18.619	0.039251	vapor
534.34	0.10000	0.022580	44.287	49.559	53.988	145.50	27.453	35.922	566.26	15.350	18.710	0.039478	vapor
536.55	0.10000	0.022486	44.473	49.620	54.068	145.65	27.473	35.939	567.39	15.139	18.801	0.039704	vapor
538.77	0.10000	0.022392	44.658	49.681	54.147	145.80	27.493	35.956	568.52	14.933	18.892	0.039932	vapor
540.98	0.10000	0.022299	44.844	49.742	54.227	145.95	27.513	35.974	569.64	14.731	18.984	0.040159	vapor
543.19	0.10000	0.022208	45.030	49.804	54.307	146.10	27.534	35.992	570.76	14.533	19.075	0.040388	vapor
545.41	0.10000	0.022116	45.215	49.865	54.386	146.24	27.554	36.010	571.88	14.339	19.166	0.040617	vapor
547.62	0.10000	0.022026	45.401	49.926	54.466	146.39	27.575	36.029	572.99	14.148	19.258	0.040846	vapor
549.83	0.10000	0.021936	45.586	49.987	54.546	146.53	27.596	36.047	574.11	13.962	19.349	0.041076	vapor
552.05	0.10000	0.021847	45.772	50.048	54.626	146.68	27.617	36.066	575.22	13.780	19.440	0.041306	vapor
554.26	0.10000	0.021759	45.957	50.110	54.705	146.82	27.639	36.085	576.32	13.601	19.532	0.041537	vapor
556.48	0.10000	0.021672	46.143	50.171	54.785	146.97	27.660	36.104	577.43	13.425	19.623	0.041769	vapor
558.69	0.10000	0.021585	46.328	50.232	54.865	147.11	27.681	36.124	578.53	13.253	19.715	0.042001	vapor
560.90	0.10000	0.021499	46.514	50.294	54.945	147.25	27.703	36.143	579.63	13.084	19.806	0.042233	vapor
563.12	0.10000	0.021414	46.699	50.355	55.025	147.39	27.725	36.163	580.72	12.919	19.898	0.042466	vapor
565.33	0.10000	0.021329	46.885	50.417	55.105	147.54	27.747	36.183	581.82	12.756	19.989	0.042700	vapor
567.54	0.10000	0.021245	47.070	50.478	55.185	147.68	27.769	36.203	582.91	12.597	20.081	0.042934	vapor
569.76	0.10000	0.021162	47.255	50.540	55.266	147.82	27.791	36.223	584.00	12.441	20.172	0.043169	vapor
571.97	0.10000	0.021079	47.441	50.602	55.346	147.96	27.813	36.243	585.08	12.287	20.264	0.043404	vapor
574.18	0.10000	0.020997	47.626	50.663	55.426	148.10	27.835	36.264	586.16	12.137	20.356	0.043639	vapor
576.40	0.10000	0.020916	47.811	50.725	55.506	148.24	27.858	36.284	587.24	11.989	20.447	0.043876	vapor
578.61	0.10000	0.020835	47.996	50.787	55.587	148.38	27.880	36.305	588.32	11.844	20.539	0.044112	vapor
580.82	0.10000	0.020755	48.182	50.849	55.667	148.52	27.903	36.326	589.40	11.701	20.630	0.044349	vapor
583.04	0.10000	0.020675	48.367	50.911	55.747	148.66	27.926	36.347	590.47	11.561	20.722	0.044587	vapor
585.25	0.10000	0.020596	48.552	50.973	55.828	148.79	27.949	36.368	591.54	11.424	20.814	0.044825	vapor
587.46	0.10000	0.020518	48.737	51.035	55.908	148.93	27.971	36.390	592.61	11.289	20.905	0.045064	vapor
589.68	0.10000	0.020440	48.922	51.097	55.989	149.07	27.994	36.411	593.67	11.156	20.997	0.045303	vapor
591.89	0.10000	0.020363	49.108	51.159	56.070	149.20	28.018	36.433	594.73	11.026	21.089	0.045542	vapor
594.10	0.10000	0.020287	49.293	51.221	56.150	149.34	28.041	36.454	595.79	10.898	21.180	0.045782	vapor
596.32	0.10000	0.020211	49.478	51.283	56.231	149.48	28.064	36.476	596.85	10.772	21.272	0.046023	vapor
598.53	0.10000	0.020136	49.663	51.345	56.312	149.61	28.087	36.498	597.91	10.648	21.364	0.046264	vapor
600.74	0.10000	0.020061	49.848	51.408	56.393	149.75	28.111	36.520	598.96	10.527	21.455	0.046505	vapor
602.96	0.10000	0.019987	50.033	51.470	56.473	149.88	28.134	36.542	600.01	10.407	21.547	0.046747	vapor
605.17	0.10000	0.019913	50.218	51.532	56.554	150.01	28.158	36.565	601.06	10.289	21.639	0.046989	vapor
607.38	0.10000	0.019840	50.403	51.595	56.635	150.15	28.182	36.587	602.10	10.174	21.731	0.047232	vapor
609.60	0.10000	0.019767	50.588	51.657	56.716	150.28	28.205	36.609	603.15	10.060	21.822	0.047476	vapor
611.81	0.10000	0.019695	50.773	51.720	56.797	150.41	28.229	36.632	604.19	9.9485	21.914	0.047719	vapor
614.02	0.10000	0.019624	50.958	51.783	56.878	150.55	28.253	36.654	605.23	9.8385	22.006	0.047964	vapor
616.24	0.10000	0.019553	51.143	51.845	56.960	150.68	28.277	36.677	606.26	9.7304	22.097	0.048208	vapor
618.45	0.10000	0.019482	51.328	51.908	57.041	150.81	28.301	36.700	607.30	9.6239	22.189	0.048453	vapor
620.66	0.10000	0.019413	51.513	51.971	57.122	150.94	28.325	36.723	608.33	9.5192	22.281	0.048699	vapor
622.88	0.10000	0.019343	51.698	52.034	57.203	151.07	28.349	36.746	609.36	9.4162	22.372	0.048945	vapor
625.09	0.10000	0.019274	51.883	52.096	57.285	151.20	28.373	36.769	610.38	9.3148	22.464	0.049191	vapor
627.30	0.10000	0.019206	52.068	52.159	57.366	151.33	28.398	36.792	611.41	9.2150	22.556	0.049438	vapor
629.52	0.10000	0.019138	52.253	52.222	57.448	151.46	28.422	36.815	612.43	9.1168	22.648	0.049686	vapor
631.73	0.10000	0.019070	52.438	52.285	57.529	151.59	28.447	36.839	613.45	9.0201	22.739	0.049934	vapor
633.94	0.10000	0.019003	52.623	52.348	57.611	151.72	28.471	36.862	614.47	8.9249	22.831	0.050182	vapor
636.16	0.10000	0.018937	52.808	52.412	57.692	151.85	28.495	36.886	615.49	8.8312	22.923	0.050431	vapor
638.37	0.10000	0.018871	52.992	52.475	57.774	151.98	28.520	36.909	616.50	8.7389	23.014	0.050680	vapor
640.58	0.10000	0.018805	53.177	52.538	57.856	152.10	28.545	36.933	617.51	8.6480	23.106	0.050929	vapor
642.80	0.10000	0.018740	53.362	52.601	57.937	152.23	28.569	36.957	618.52	8.5585	23.198	0.051179	vapor
645.01	0.10000	0.018675	53.547	52.665	58.019	152.36	28.594	36.980	619.53	8.4703	23.289	0.051430	vapor
647.22	0.10000	0.018611	53.732	52.728	58.101	152.48	28.619	37.004	620.54	8.3835	23.381	0.051680	vapor
649.44	0.10000	0.018547	53.917	52.791	58.183	152.61	28.644	37.028	621.54	8.2980	23.472	0.051932	vapor
651.65	0.10000	0.018484	54.101	52.855	58.265	152.74	28.669	37.052	622.54	8.2137	23.564	0.052183	vapor
653.86	0.10000	0.018421	54.286	52.918	58.347	152.86	28.694	37.076	623.54	8.1307	23.656	0.052436	vapor
656.08	0.10000	0.018358	54.471	52.982	58.429	152.99	28.719	37.100	624.54	8.0488	23.747	0.052688	vapor
658.29	0.10000	0.018296	54.656	53.046	58.511	153.11	28.744	37.125	625.53	7.9682	23.839	0.052941	vapor
660.50	0.10000	0.018235	54.840	53.109	58.594	153.24	28.769	37.149	626.53	7.8888	23.930	0.053194	vapor
662.72	0.10000	0.018173	55.025	53.173	58.676	153.36	28.794	37.173	627.52	7.8105	24.022	0.053448	vapor
664.93	0.10000	0.018113	55.210	53.237	58.758	153.49	28.819	37.198	628.51	7.7333	24.114	0.053702	vapor
667.15	0.10000	0.018052	55.395	53.301	58.840	153.61	28.845	37.222	629.49	7.6572	24.205	0.053957	vapor
669.36	0.10000	0.017992	55.579	53.365	58.923	153.73	28.870	37.247	630.48	7.5822	24.297	0.054212	vapor
671.57	0.10000	0.017933	55.764	53.429	59.005	153.86	28.895	37.271	631.46	7.5083	24.388	0.054467	vapor
673.79	0.10000	0.017873	55.949	53.493	59.088	153.98	28.921	37.296	632.44	7.4354	24.480	0.054723	vapor
676.00	0.10000	0.017815	56.134	53.557	59.170	154.10	28.946	37.321	633.42	7.3635	24.571	0.054979	vapor
678.21	0.10000	0.017756	56.318	53.621	59.253	154.22	28.972	37.345	634.40	7.2926	24.662	0.055236	vapor
680.43	0.10000	0.017698	56.503	53.685	59.336	154.34	28.997	37.370	635.38	7.2227	24.754	0.055493	vapor
682.64	0.10000	0.017641	56.688	53.750	59.419	154.47	29.023	37.395	636.35	7.1537	24.845	0.055750	vapor
684.85	0.10000	0.017583	56.872	53.814	59.501	154.59	29.048	37.420	637.32	7.0857	24.937	0.056008	vapor
687.07	0.10000	0.017526	57.057	53.878	59.584	154.71	29.074	37.445	638.29	7.0187	25.028	0.056266	vapor
689.28	0.10000	0.017470	57.242	53.943	59.667	154.83	29.100	37.470	639.26	6.9525	25.119	0.056524	vapor
691.49	0.10000	0.017414	57.426	54.007	59.750	154.95	29.125	37.495	640.23	6.8872	25.211	0.056783	vapor
693.71	0.10000	0.017358	57.611	54.072	59.833	155.07	29.151	37.520	641.19	6.8229	25.302	0.057042	vapor
695.92	0.10000	0.017302	57.796	54.137	59.916	155.19	29.177	37.545	642.15	6.7593	25.393	0.057302	vapor
698.13	0.10000	0.017247	57.980	54.201	59.999	155.31	29.203	37.571	643.11	6.6966	25.485	0.057562	vapor
700.35	0.10000	0.017193	58.165	54.266	60.082	155.43	29.229	37.596	644.07	6.6348	25.576	0.057823	vapor
702.56	0.10000	0.017138	58.349	54.331	60.166	155.54	29.255	37.621	645.03	6.5737	25.667	0.058083	vapor
704.77	0.10000	0.017084	58.534	54.396	60.249	155.66	29.281	37.647	645.98	6.5135	25.758	0.058344	vapor
706.99	0.10000	0.017030	58.719	54.460	60.332	155.78	29.307	37.672	646.94	6.4540	25.850	0.058606	vapor
709.20	0.10000	0.016977	58.903	54.525	60.416	155.90	29.333	37.698	647.89	6.3954	25.941	0.058868	vapor
711.41	0.10000	0.016924	59.088	54.590	60.499	156.02	29.359	37.723	648.84	6.3374	26.032	0.059130	vapor
713.63	0.10000	0.016871	59.272	54.656	60.583	156.13	29.385	37.749	649.78	6.2803	26.123	0.059393	vapor
715.84	0.10000	0.016819	59.457	54.721	60.666	156.25	29.411	37.774	650.73	6.2238	26.214	0.059656	vapor
718.05	0.10000	0.016767	59.641	54.786	60.750	156.37	29.438	37.800	651.67	6.1681	26.305	0.059919	vapor
720.27	0.10000	0.016715	59.826	54.851	60.834	156.48	29.464	37.826	652.62	6.1131	26.396	0.060183	vapor
722.48	0.10000	0.016664	60.011	54.916	60.917	156.60	29.490	37.852	653.56	6.0587	26.487	0.060447	vapor
724.69	0.10000	0.016613	60.195	54.982	61.001	156.72	29.516	37.877	654.50	6.0051	26.578	0.060711	vapor
726.91	0.10000	0.016562	60.380	55.047	61.085	156.83	29.543	37.903	655.43	5.9521	26.669	0.060976	vapor
729.12	0.10000	0.016511	60.564	55.113	61.169	156.95	29.569	37.929	656.37	5.8998	26.760	0.061241	vapor
731.33	0.10000	0.016461	60.749	55.178	61.253	157.06	29.596	37.955	657.30	5.8481	26.851	0.061507	vapor
733.55	0.10000	0.016411	60.933	55.244	61.337	157.18	29.622	37.981	658.24	5.7971	26.942	0.061773	vapor
735.76	0.10000	0.016362	61.118	55.309	61.421	157.29	29.649	38.007	659.17	5.7467	27.033	0.062039	vapor
737.97	0.10000	0.016313	61.302	55.375	61.505	157.40	29.675	38.033	660.09	5.6969	27.124	0.062305	vapor
740.19	0.10000	0.016264	61.487	55.441	61.589	157.52	29.702	38.059	661.02	5.6478	27.215	0.062572	vapor
742.40	0.10000	0.016215	61.671	55.507	61.674	157.63	29.728	38.085	661.95	5.5992	27.305	0.062839	vapor
744.61	0.10000	0.016167	61.856	55.573	61.758	157.75	29.755	38.112	662.87	5.5512	27.396	0.063107	vapor
746.83	0.10000	0.016119	62.040	55.638	61.842	157.86	29.782	38.138	663.79	5.5038	27.487	0.063375	vapor
749.04	0.10000	0.016071	62.225	55.704	61.927	157.97	29.808	38.164	664.71	5.4570	27.578	0.063643	vapor
751.25	0.10000	0.016023	62.409	55.770	62.011	158.08	29.835	38.190	665.63	5.4107	27.668	0.063912	vapor
753.47	0.10000	0.015976	62.594	55.837	62.096	158.20	29.862	38.217	666.55	5.3649	27.759	0.064180	vapor
755.68	0.10000	0.015929	62.778	55.903	62.181	158.31	29.889	38.243	667.47	5.3198	27.850	0.064450	vapor
757.89	0.10000	0.015882	62.963	55.969	62.265	158.42	29.915	38.270	668.38	5.2751	27.940	0.064719	vapor
760.11	0.10000	0.015836	63.147	56.035	62.350	158.53	29.942	38.296	669.29	5.2310	28.031	0.064989	vapor
762.32	0.10000	0.015790	63.332	56.102	62.435	158.64	29.969	38.322	670.20	5.1873	28.121	0.065259	vapor
764.53	0.10000	0.015744	63.516	56.168	62.520	158.76	29.996	38.349	671.11	5.1442	28.212	0.065530	vapor
766.75	0.10000	0.015698	63.701	56.235	62.605	158.87	30.023	38.376	672.02	5.1016	28.302	0.065801	vapor
768.96	0.10000	0.015653	63.885	56.301	62.690	158.98	30.050	38.402	672.93	5.0595	28.393	0.066072	vapor
771.17	0.10000	0.015608	64.069	56.368	62.775	159.09	30.077	38.429	673.83	5.0179	28.483	0.066343	vapor
773.39	0.10000	0.015563	64.254	56.434	62.860	159.20	30.104	38.455	674.73	4.9767	28.573	0.066615	vapor
775.60	0.10000	0.015519	64.438	56.501	62.945	159.31	30.131	38.482	675.63	4.9360	28.664	0.066887	vapor
777.82	0.10000	0.015474	64.623	56.568	63.030	159.42	30.158	38.509	676.53	4.8958	28.754	0.067160	vapor
780.03	0.10000	0.015430	64.807	56.635	63.115	159.53	30.185	38.536	677.43	4.8560	28.844	0.067433	vapor
782.24	0.10000	0.015387	64.992	56.701	63.201	159.64	30.212	38.562	678.33	4.8167	28.934	0.067706	vapor
784.46	0.10000	0.015343	65.176	56.768	63.286	159.74	30.240	38.589	679.22	4.7778	29.025	0.067979	vapor
786.67	0.10000	0.015300	65.360	56.835	63.371	159.85	30.267	38.616	680.12	4.7394	29.115	0.068253	vapor
788.88	0.10000	0.015257	65.545	56.902	63.457	159.96	30.294	38.643	681.01	4.7014	29.205	0.068527	vapor
791.10	0.10000	0.015214	65.729	56.970	63.542	160.07	30.321	38.670	681.90	4.6638	29.295	0.068801	vapor
793.31	0.10000	0.015171	65.914	57.037	63.628	160.18	30.349	38.697	682.79	4.6266	29.385	0.069076	vapor
795.52	0.10000	0.015129	66.098	57.104	63.714	160.29	30.376	38.724	683.68	4.5898	29.475	0.069351	vapor
797.74	0.10000	0.015087	66.282	57.171	63.800	160.39	30.403	38.751	684.56	4.5535	29.565	0.069626	vapor
799.95	0.10000	0.015045	66.467	57.239	63.885	160.50	30.431	38.778	685.45	4.5175	29.655	0.069901	vapor
802.16	0.10000	0.015003	66.651	57.306	63.971	160.61	30.458	38.805	686.33	4.4819	29.745	0.070177	vapor
804.38	0.10000	0.014962	66.836	57.374	64.057	160.72	30.485	38.832	687.22	4.4468	29.835	0.070453	vapor
806.59	0.10000	0.014921	67.020	57.441	64.143	160.82	30.513	38.859	688.10	4.4120	29.925	0.070730	vapor
808.80	0.10000	0.014880	67.204	57.509	64.229	160.93	30.540	38.886	688.97	4.3775	30.014	0.071006	vapor
811.02	0.10000	0.014839	67.389	57.576	64.315	161.04	30.568	38.913	689.85	4.3435	30.104	0.071283	vapor
813.23	0.10000	0.014799	67.573	57.644	64.401	161.14	30.595	38.941	690.73	4.3098	30.194	0.071561	vapor
815.44	0.10000	0.014759	67.758	57.712	64.488	161.25	30.623	38.968	691.60	4.2764	30.284	0.071838	vapor
817.66	0.10000	0.014718	67.942	57.780	64.574	161.35	30.650	38.995	692.48	4.2434	30.373	0.072116	vapor
819.87	0.10000	0.014679	68.126	57.848	64.660	161.46	30.678	39.022	693.35	4.2108	30.463	0.072394	vapor
822.08	0.10000	0.014639	68.311	57.916	64.747	161.56	30.705	39.050	694.22	4.1785	30.552	0.072673	vapor
824.30	0.10000	0.014600	68.495	57.984	64.833	161.67	30.733	39.077	695.09	4.1466	30.642	0.072952	vapor
826.51	0.10000	0.014560	68.679	58.052	64.920	161.77	30.761	39.104	695.96	4.1150	30.731	0.073231	vapor
828.72	0.10000	0.014521	68.864	58.120	65.006	161.88	30.788	39.132	696.82	4.0837	30.821	0.073510	vapor
830.94	0.10000	0.014483	69.048	58.188	65.093	161.98	30.816	39.159	697.69	4.0527	30.910	0.073789	vapor
833.15	0.10000	0.014444	69.232	58.256	65.180	162.09	30.843	39.186	698.55	4.0221	31.000	0.074069	vapor
835.36	0.10000	0.014406	69.417	58.325	65.266	162.19	30.871	39.214	699.41	3.9918	31.089	0.074349	vapor
837.58	0.10000	0.014368	69.601	58.393	65.353	162.29	30.899	39.241	700.28	3.9617	31.178	0.074630	vapor
839.79	0.10000	0.014330	69.785	58.461	65.440	162.40	30.927	39.269	701.14	3.9320	31.268	0.074911	vapor
842.00	0.10000	0.014292	69.970	58.530	65.527	162.50	30.954	39.296	701.99	3.9026	31.357	0.075192	vapor
844.22	0.10000	0.014254	70.154	58.599	65.614	162.60	30.982	39.324	702.85	3.8735	31.446	0.075473	vapor
846.43	0.10000	0.014217	70.338	58.667	65.701	162.71	31.010	39.351	703.71	3.8447	31.535	0.075754	vapor
848.64	0.10000	0.014180	70.523	58.736	65.788	162.81	31.038	39.379	704.56	3.8162	31.624	0.076036	vapor
850.86	0.10000	0.014143	70.707	58.805	65.875	162.91	31.066	39.407	705.41	3.7880	31.713	0.076318	vapor
853.07	0.10000	0.014106	70.891	58.873	65.963	163.02	31.093	39.434	706.27	3.7601	31.802	0.076600	vapor
855.28	0.10000	0.014069	71.076	58.942	66.050	163.12	31.121	39.462	707.12	3.7324	31.891	0.076883	vapor
857.50	0.10000	0.014033	71.260	59.011	66.137	163.22	31.149	39.489	707.96	3.7050	31.980	0.077166	vapor
859.71	0.10000	0.013997	71.444	59.080	66.225	163.32	31.177	39.517	708.81	3.6779	32.069	0.077449	vapor
861.92	0.10000	0.013961	71.629	59.149	66.312	163.42	31.205	39.545	709.66	3.6510	32.158	0.077732	vapor
864.14	0.10000	0.013925	71.813	59.219	66.400	163.52	31.233	39.572	710.50	3.6245	32.247	0.078016	vapor
866.35	0.10000	0.013889	71.997	59.288	66.487	163.63	31.261	39.600	711.35	3.5981	32.336	0.078300	vapor
868.56	0.10000	0.013854	72.182	59.357	66.575	163.73	31.289	39.628	712.19	3.5721	32.425	0.078584	vapor
870.78	0.10000	0.013819	72.366	59.426	66.663	163.83	31.317	39.656	713.03	3.5463	32.513	0.078868	vapor
872.99	0.10000	0.013784	72.550	59.496	66.751	163.93	31.345	39.683	713.87	3.5207	32.602	0.079153	vapor
875.20	0.10000	0.013749	72.735	59.565	66.839	164.03	31.373	39.711	714.71	3.4954	32.691	0.079438	vapor
877.42	0.10000	0.013714	72.919	59.635	66.926	164.13	31.401	39.739	715.55	3.4704	32.779	0.079723	vapor
879.63	0.10000	0.013679	73.103	59.704	67.014	164.23	31.429	39.767	716.39	3.4455	32.868	0.080009	vapor
881.84	0.10000	0.013645	73.287	59.774	67.103	164.33	31.457	39.795	717.22	3.4210	32.956	0.080294	vapor
884.06	0.10000	0.013611	73.472	59.843	67.191	164.43	31.485	39.823	718.06	3.3966	33.045	0.080580	vapor
886.27	0.10000	0.013577	73.656	59.913	67.279	164.53	31.513	39.850	718.89	3.3725	33.133	0.080866	vapor
888.49	0.10000	0.013543	73.840	59.983	67.367	164.63	31.541	39.878	719.72	3.3486	33.221	0.081153	vapor
890.70	0.10000	0.013509	74.025	60.053	67.455	164.73	31.569	39.906	720.55	3.3250	33.310	0.081439	vapor
892.91	0.10000	0.013475	74.209	60.123	67.544	164.83	31.597	39.934	721.38	3.3016	33.398	0.081726	vapor
895.13	0.10000	0.013442	74.393	60.193	67.632	164.93	31.625	39.962	722.21	3.2784	33.486	0.082013	vapor
897.34	0.10000	0.013409	74.577	60.263	67.721	165.02	31.653	39.990	723.03	3.2554	33.574	0.082301	vapor
899.55	0.10000	0.013376	74.762	60.333	67.809	165.12	31.681	40.018	723.86	3.2326	33.663	0.082588	vapor
901.77	0.10000	0.013343	74.946	60.403	67.898	165.22	31.710	40.046	724.68	3.2100	33.751	0.082876	vapor
903.98	0.10000	0.013310	75.130	60.473	67.986	165.32	31.738	40.074	725.51	3.1877	33.839	0.083164	vapor
906.19	0.10000	0.013278	75.314	60.544	68.075	165.42	31.766	40.102	726.33	3.1655	33.927	0.083453	vapor
908.41	0.10000	0.013245	75.499	60.614	68.164	165.52	31.794	40.130	727.15	3.1436	34.015	0.083741	vapor
910.62	0.10000	0.013213	75.683	60.684	68.253	165.61	31.822	40.158	727.97	3.1219	34.103	0.084030	vapor
912.83	0.10000	0.013181	75.867	60.755	68.342	165.71	31.850	40.186	728.79	3.1004	34.190	0.084319	vapor
915.05	0.10000	0.013149	76.052	60.826	68.431	165.81	31.879	40.214	729.61	3.0790	34.278	0.084609	vapor
917.26	0.10000	0.013117	76.236	60.896	68.520	165.91	31.907	40.242	730.42	3.0579	34.366	0.084898	vapor
919.47	0.10000	0.013086	76.420	60.967	68.609	166.00	31.935	40.270	731.24	3.0369	34.454	0.085188	vapor
921.69	0.10000	0.013054	76.604	61.038	68.698	166.10	31.963	40.298	732.05	3.0162	34.542	0.085478	vapor
923.90	0.10000	0.013023	76.789	61.108	68.787	166.20	31.991	40.326	732.87	2.9956	34.629	0.085768	vapor
926.11	0.10000	0.012992	76.973	61.179	68.877	166.29	32.020	40.354	733.68	2.9752	34.717	0.086058	vapor
928.33	0.10000	0.012961	77.157	61.250	68.966	166.39	32.048	40.382	734.49	2.9550	34.804	0.086349	vapor
930.54	0.10000	0.012930	77.341	61.321	69.055	166.48	32.076	40.410	735.30	2.9350	34.892	0.086640	vapor
932.75	0.10000	0.012899	77.526	61.392	69.145	166.58	32.104	40.438	736.11	2.9152	34.979	0.086931	vapor
934.97	0.10000	0.012868	77.710	61.463	69.234	166.68	32.133	40.466	736.91	2.8955	35.067	0.087222	vapor
937.18	0.10000	0.012838	77.894	61.534	69.324	166.77	32.161	40.494	737.72	2.8761	35.154	0.087514	vapor
939.39	0.10000	0.012808	78.078	61.606	69.414	166.87	32.189	40.522	738.53	2.8568	35.242	0.087806	vapor
941.61	0.10000	0.012778	78.263	61.677	69.503	166.96	32.217	40.551	739.33	2.8376	35.329	0.088098	vapor
943.82	0.10000	0.012748	78.447	61.748	69.593	167.06	32.246	40.579	740.13	2.8187	35.416	0.088390	vapor
946.03	0.10000	0.012718	78.631	61.820	69.683	167.15	32.274	40.607	740.93	2.7999	35.503	0.088682	vapor
948.25	0.10000	0.012688	78.815	61.891	69.773	167.25	32.302	40.635	741.73	2.7812	35.590	0.088975	vapor
950.46	0.10000	0.012658	78.999	61.963	69.863	167.34	32.330	40.663	742.53	2.7628	35.678	0.089268	vapor
952.67	0.10000	0.012629	79.184	62.034	69.953	167.44	32.359	40.691	743.33	2.7445	35.765	0.089561	vapor
954.89	0.10000	0.012600	79.368	62.106	70.043	167.53	32.387	40.719	744.13	2.7263	35.852	0.089854	vapor
957.10	0.10000	0.012570	79.552	62.178	70.133	167.63	32.415	40.747	744.93	2.7083	35.939	0.090148	vapor
959.31	0.10000	0.012541	79.736	62.250	70.223	167.72	32.443	40.775	745.72	2.6905	36.026	0.090442	vapor
961.53	0.10000	0.012512	79.921	62.322	70.314	167.81	32.472	40.804	746.52	2.6728	36.112	0.090735	vapor
963.74	0.10000	0.012484	80.105	62.393	70.404	167.91	32.500	40.832	747.31	2.6553	36.199	0.091030	vapor
965.95	0.10000	0.012455	80.289	62.465	70.494	168.00	32.528	40.860	748.10	2.6379	36.286	0.091324	vapor
968.17	0.10000	0.012426	80.473	62.537	70.585	168.10	32.556	40.888	748.90	2.6207	36.373	0.091619	vapor
970.38	0.10000	0.012398	80.657	62.610	70.675	168.19	32.585	40.916	749.69	2.6036	36.460	0.091913	vapor
972.59	0.10000	0.012370	80.842	62.682	70.766	168.28	32.613	40.944	750.47	2.5867	36.546	0.092208	vapor
974.81	0.10000	0.012342	81.026	62.754	70.857	168.38	32.641	40.972	751.26	2.5699	36.633	0.092503	vapor
977.02	0.10000	0.012314	81.210	62.826	70.947	168.47	32.669	41.001	752.05	2.5532	36.719	0.092799	vapor
979.23	0.10000	0.012286	81.394	62.899	71.038	168.56	32.698	41.029	752.84	2.5367	36.806	0.093094	vapor
981.45	0.10000	0.012258	81.579	62.971	71.129	168.65	32.726	41.057	753.62	2.5204	36.892	0.093390	vapor
983.66	0.10000	0.012231	81.763	63.044	71.220	168.75	32.754	41.085	754.41	2.5042	36.979	0.093686	vapor
985.87	0.10000	0.012203	81.947	63.116	71.311	168.84	32.782	41.113	755.19	2.4881	37.065	0.093982	vapor
988.09	0.10000	0.012176	82.131	63.189	71.402	168.93	32.811	41.141	755.97	2.4721	37.151	0.094279	vapor
990.30	0.10000	0.012148	82.315	63.261	71.493	169.02	32.839	41.169	756.75	2.4563	37.238	0.094575	vapor
992.51	0.10000	0.012121	82.500	63.334	71.584	169.12	32.867	41.197	757.53	2.4406	37.324	0.094872	vapor
994.73	0.10000	0.012094	82.684	63.407	71.675	169.21	32.895	41.226	758.31	2.4250	37.410	0.095169	vapor
996.94	0.10000	0.012067	82.868	63.480	71.767	169.30	32.924	41.254	759.09	2.4096	37.496	0.095466	vapor
999.16	0.10000	0.012041	83.052	63.553	71.858	169.39	32.952	41.282	759.87	2.3943	37.582	0.095763	vapor
1001.4	0.10000	0.012014	83.236	63.626	71.949	169.48	32.980	41.310	760.65	2.3791	37.668	0.096061	vapor
1003.6	0.10000	0.011987	83.421	63.699	72.041	169.57	33.008	41.338	761.42	2.3641	37.754	0.096359	vapor
1005.8	0.10000	0.011961	83.605	63.772	72.132	169.66	33.037	41.366	762.20	2.3491	37.840	0.096657	vapor
1008.0	0.10000	0.011935	83.789	63.845	72.224	169.76	33.065	41.394	762.97	2.3343	37.926	0.096955	vapor
1010.2	0.10000	0.011909	83.973	63.918	72.316	169.85	33.093	41.422	763.74	2.3196	38.012	0.097253	vapor
1012.4	0.10000	0.011882	84.157	63.992	72.407	169.94	33.121	41.450	764.51	2.3051	38.098	0.097552	vapor
1014.6	0.10000	0.011857	84.342	64.065	72.499	170.03	33.149	41.479	765.28	2.2906	38.184	0.097850	vapor
1016.9	0.10000	0.011831	84.526	64.138	72.591	170.12	33.178	41.507	766.05	2.2763	38.269	0.098149	vapor
1019.1	0.10000	0.011805	84.710	64.212	72.683	170.21	33.206	41.535	766.82	2.2621	38.355	0.098448	vapor
1021.3	0.10000	0.011779	84.894	64.285	72.775	170.30	33.234	41.563	767.59	2.2480	38.441	0.098747	vapor
1023.5	0.10000	0.011754	85.078	64.359	72.867	170.39	33.262	41.591	768.36	2.2340	38.526	0.099047	vapor
1025.7	0.10000	0.011728	85.263	64.433	72.959	170.48	33.290	41.619	769.12	2.2201	38.612	0.099346	vapor
1027.9	0.10000	0.011703	85.447	64.506	73.051	170.57	33.318	41.647	769.89	2.2064	38.697	0.099646	vapor
1030.1	0.10000	0.011678	85.631	64.580	73.143	170.66	33.347	41.675	770.65	2.1927	38.782	0.099946	vapor
1032.4	0.10000	0.011653	85.815	64.654	73.236	170.75	33.375	41.703	771.42	2.1792	38.868	0.10025	vapor
1034.6	0.10000	0.011628	85.999	64.728	73.328	170.84	33.403	41.731	772.18	2.1657	38.953	0.10055	vapor
1036.8	0.10000	0.011603	86.183	64.802	73.420	170.93	33.431	41.759	772.94	2.1524	39.038	0.10085	vapor
1039.0	0.10000	0.011578	86.368	64.876	73.513	171.01	33.459	41.787	773.70	2.1392	39.124	0.10115	vapor
1041.2	0.10000	0.011554	86.552	64.950	73.605	171.10	33.487	41.815	774.46	2.1261	39.209	0.10145	vapor
1043.4	0.10000	0.011529	86.736	65.024	73.698	171.19	33.515	41.843	775.22	2.1130	39.294	0.10175	vapor
1045.6	0.10000	0.011505	86.920	65.098	73.790	171.28	33.543	41.871	775.98	2.1001	39.379	0.10205	vapor
1047.8	0.10000	0.011480	87.104	65.173	73.883	171.37	33.571	41.899	776.74	2.0873	39.464	0.10235	vapor
1050.1	0.10000	0.011456	87.289	65.247	73.976	171.46	33.599	41.927	777.49	2.0746	39.549	0.10265	vapor
1052.3	0.10000	0.011432	87.473	65.321	74.069	171.55	33.627	41.955	778.25	2.0620	39.634	0.10296	vapor
1054.5	0.10000	0.011408	87.657	65.396	74.162	171.63	33.655	41.983	779.00	2.0495	39.719	0.10326	vapor
1056.7	0.10000	0.011384	87.841	65.471	74.255	171.72	33.683	42.011	779.76	2.0370	39.804	0.10356	vapor
1058.9	0.10000	0.011360	88.025	65.545	74.348	171.81	33.711	42.039	780.51	2.0247	39.888	0.10386	vapor
1061.1	0.10000	0.011337	88.209	65.620	74.441	171.90	33.739	42.066	781.26	2.0125	39.973	0.10416	vapor
1063.3	0.10000	0.011313	88.394	65.694	74.534	171.99	33.767	42.094	782.01	2.0003	40.058	0.10447	vapor
1065.6	0.10000	0.011290	88.578	65.769	74.627	172.07	33.795	42.122	782.76	1.9883	40.143	0.10477	vapor
1067.8	0.10000	0.011266	88.762	65.844	74.720	172.16	33.823	42.150	783.51	1.9764	40.227	0.10507	vapor
1070.0	0.10000	0.011243	88.946	65.919	74.814	172.25	33.851	42.178	784.26	1.9645	40.312	0.10538	vapor
1072.2	0.10000	0.011220	89.130	65.994	74.907	172.34	33.879	42.206	785.01	1.9527	40.396	0.10568	vapor
1074.4	0.10000	0.011196	89.314	66.069	75.000	172.42	33.907	42.234	785.75	1.9410	40.481	0.10598	vapor
1076.6	0.10000	0.011173	89.499	66.144	75.094	172.51	33.935	42.261	786.50	1.9295	40.565	0.10629	vapor
1078.8	0.10000	0.011150	89.683	66.219	75.188	172.60	33.963	42.289	787.24	1.9180	40.649	0.10659	vapor
1081.1	0.10000	0.011128	89.867	66.295	75.281	172.68	33.991	42.317	787.99	1.9065	40.734	0.10689	vapor
1083.3	0.10000	0.011105	90.051	66.370	75.375	172.77	34.018	42.345	788.73	1.8952	40.818	0.10720	vapor
1085.5	0.10000	0.011082	90.235	66.445	75.469	172.86	34.046	42.372	789.47	1.8840	40.902	0.10750	vapor
1087.7	0.10000	0.011060	90.419	66.521	75.562	172.94	34.074	42.400	790.22	1.8728	40.986	0.10781	vapor
1089.9	0.10000	0.011037	90.604	66.596	75.656	173.03	34.102	42.428	790.96	1.8617	41.070	0.10811	vapor
1092.1	0.10000	0.011015	90.788	66.672	75.750	173.11	34.130	42.456	791.70	1.8507	41.154	0.10841	vapor
1094.3	0.10000	0.010992	90.972	66.747	75.844	173.20	34.157	42.483	792.44	1.8398	41.238	0.10872	vapor
1096.5	0.10000	0.010970	91.156	66.823	75.938	173.29	34.185	42.511	793.18	1.8290	41.322	0.10902	vapor
1098.8	0.10000	0.010948	91.340	66.898	76.032	173.37	34.213	42.539	793.91	1.8182	41.406	0.10933	vapor
1101.0	0.10000	0.010926	91.524	66.974	76.127	173.46	34.240	42.566	794.65	1.8076	41.490	0.10963	vapor
1103.2	0.10000	0.010904	91.709	67.050	76.221	173.54	34.268	42.594	795.39	1.7970	41.574	0.10994	vapor
1105.4	0.10000	0.010882	91.893	67.126	76.315	173.63	34.296	42.621	796.12	1.7865	41.658	0.11025	vapor
1107.6	0.10000	0.010860	92.077	67.202	76.410	173.71	34.323	42.649	796.86	1.7760	41.741	0.11055	vapor
1109.8	0.10000	0.010839	92.261	67.278	76.504	173.80	34.351	42.677	797.59	1.7657	41.825	0.11086	vapor
1112.0	0.10000	0.010817	92.445	67.354	76.599	173.88	34.379	42.704	798.32	1.7554	41.909	0.11116	vapor
1114.3	0.10000	0.010796	92.629	67.430	76.693	173.97	34.406	42.732	799.06	1.7452	41.992	0.11147	vapor
1116.5	0.10000	0.010774	92.813	67.506	76.788	174.05	34.434	42.759	799.79	1.7350	42.076	0.11178	vapor
1118.7	0.10000	0.010753	92.998	67.583	76.882	174.14	34.461	42.787	800.52	1.7250	42.159	0.11208	vapor
1120.9	0.10000	0.010732	93.182	67.659	76.977	174.22	34.489	42.814	801.25	1.7150	42.243	0.11239	vapor
1123.1	0.10000	0.010711	93.366	67.735	77.072	174.31	34.516	42.842	801.98	1.7051	42.326	0.11270	vapor
1125.3	0.10000	0.010689	93.550	67.812	77.167	174.39	34.544	42.869	802.71	1.6952	42.409	0.11300	vapor
1127.5	0.10000	0.010668	93.734	67.888	77.262	174.48	34.571	42.896	803.43	1.6854	42.493	0.11331	vapor
1129.7	0.10000	0.010648	93.918	67.965	77.357	174.56	34.599	42.924	804.16	1.6757	42.576	0.11362	vapor
1132.0	0.10000	0.010627	94.102	68.041	77.452	174.64	34.626	42.951	804.89	1.6661	42.659	0.11392	vapor
1134.2	0.10000	0.010606	94.287	68.118	77.547	174.73	34.654	42.978	805.61	1.6565	42.742	0.11423	vapor
1136.4	0.10000	0.010585	94.471	68.195	77.642	174.81	34.681	43.006	806.34	1.6470	42.825	0.11454	vapor
1138.6	0.10000	0.010565	94.655	68.272	77.737	174.90	34.709	43.033	807.06	1.6376	42.908	0.11485	vapor
1140.8	0.10000	0.010544	94.839	68.349	77.832	174.98	34.736	43.060	807.78	1.6282	42.991	0.11516	vapor
1143.0	0.10000	0.010524	95.023	68.425	77.928	175.06	34.763	43.088	808.51	1.6189	43.074	0.11546	vapor
1145.2	0.10000	0.010503	95.207	68.502	78.023	175.15	34.791	43.115	809.23	1.6097	43.157	0.11577	vapor
1147.5	0.10000	0.010483	95.391	68.579	78.119	175.23	34.818	43.142	809.95	1.6005	43.240	0.11608	vapor
1149.7	0.10000	0.010463	95.576	68.657	78.214	175.31	34.845	43.169	810.67	1.5914	43.323	0.11639	vapor
1151.9	0.10000	0.010443	95.760	68.734	78.310	175.40	34.872	43.196	811.39	1.5824	43.405	0.11670	vapor
1154.1	0.10000	0.010423	95.944	68.811	78.405	175.48	34.900	43.224	812.11	1.5734	43.488	0.11701	vapor
1156.3	0.10000	0.010403	96.128	68.888	78.501	175.56	34.927	43.251	812.82	1.5645	43.571	0.11731	vapor
1158.5	0.10000	0.010383	96.312	68.966	78.597	175.64	34.954	43.278	813.54	1.5557	43.653	0.11762	vapor
1160.7	0.10000	0.010363	96.496	69.043	78.693	175.73	34.981	43.305	814.26	1.5469	43.736	0.11793	vapor
1162.9	0.10000	0.010343	96.680	69.120	78.789	175.81	35.008	43.332	814.97	1.5381	43.818	0.11824	vapor
1165.2	0.10000	0.010324	96.865	69.198	78.884	175.89	35.035	43.359	815.69	1.5295	43.901	0.11855	vapor
1167.4	0.10000	0.010304	97.049	69.276	78.980	175.97	35.062	43.386	816.40	1.5209	43.983	0.11886	vapor
1169.6	0.10000	0.010285	97.233	69.353	79.077	176.06	35.089	43.413	817.12	1.5123	44.066	0.11917	vapor
1171.8	0.10000	0.010265	97.417	69.431	79.173	176.14	35.116	43.440	817.83	1.5038	44.148	0.11948	vapor
1174.0	0.10000	0.010246	97.601	69.509	79.269	176.22	35.143	43.467	818.54	1.4954	44.230	0.11979	vapor
1176.2	0.10000	0.010226	97.785	69.587	79.365	176.30	35.170	43.494	819.25	1.4870	44.312	0.12010	vapor
1178.4	0.10000	0.010207	97.969	69.664	79.461	176.38	35.197	43.521	819.96	1.4787	44.394	0.12041	vapor
1180.7	0.10000	0.010188	98.154	69.742	79.558	176.47	35.224	43.548	820.68	1.4705	44.477	0.12072	vapor
1182.9	0.10000	0.010169	98.338	69.820	79.654	176.55	35.251	43.575	821.38	1.4623	44.559	0.12103	vapor
1185.1	0.10000	0.010150	98.522	69.898	79.751	176.63	35.278	43.601	822.09	1.4541	44.641	0.12134	vapor
1187.3	0.10000	0.010131	98.706	69.977	79.847	176.71	35.305	43.628	822.80	1.4460	44.723	0.12165	vapor
1189.5	0.10000	0.010112	98.890	70.055	79.944	176.79	35.332	43.655	823.51	1.4380	44.804	0.12196	vapor
1191.7	0.10000	0.010093	99.074	70.133	80.040	176.87	35.358	43.682	824.22	1.4300	44.886	0.12227	vapor
1193.9	0.10000	0.010075	99.258	70.211	80.137	176.95	35.385	43.708	824.92	1.4221	44.968	0.12259	vapor
1196.1	0.10000	0.010056	99.442	70.290	80.234	177.04	35.412	43.735	825.63	1.4142	45.050	0.12290	vapor
1198.4	0.10000	0.010037	99.627	70.368	80.331	177.12	35.439	43.762	826.33	1.4064	45.132	0.12321	vapor
1200.6	0.10000	0.010019	99.811	70.447	80.428	177.20	35.465	43.788	827.04	1.3986	45.213	0.12352	vapor
1202.8	0.10000	0.010001	99.995	70.525	80.525	177.28	35.492	43.815	827.74	1.3909	45.295	0.12383	vapor
1205.0	0.10000	0.0099821	100.18	70.604	80.622	177.36	35.519	43.842	828.44	1.3832	45.376	0.12414	vapor
1207.2	0.10000	0.0099638	100.36	70.682	80.719	177.44	35.545	43.868	829.14	1.3756	45.458	0.12446	vapor
1209.4	0.10000	0.0099456	100.55	70.761	80.816	177.52	35.572	43.895	829.85	1.3681	45.539	0.12477	vapor
1211.6	0.10000	0.0099274	100.73	70.840	80.913	177.60	35.598	43.921	830.55	1.3605	45.621	0.12508	vapor
1213.9	0.10000	0.0099093	100.92	70.919	81.010	177.68	35.625	43.948	831.25	1.3531	45.702	0.12539	vapor
1216.1	0.10000	0.0098912	101.10	70.998	81.108	177.76	35.651	43.974	831.95	1.3457	45.783	0.12570	vapor
1218.3	0.10000	0.0098733	101.28	71.077	81.205	177.84	35.678	44.000	832.64	1.3383	45.865	0.12602	vapor
1220.5	0.10000	0.0098553	101.47	71.156	81.302	177.92	35.704	44.027	833.34	1.3310	45.946	0.12633	vapor
1222.7	0.10000	0.0098375	101.65	71.235	81.400	178.00	35.731	44.053	834.04	1.3237	46.027	0.12664	vapor
1224.9	0.10000	0.0098197	101.84	71.314	81.497	178.08	35.757	44.080	834.74	1.3165	46.108	0.12695	vapor
1227.1	0.10000	0.0098020	102.02	71.393	81.595	178.16	35.783	44.106	835.43	1.3093	46.189	0.12727	vapor
1229.3	0.10000	0.0097843	102.20	71.472	81.693	178.24	35.810	44.132	836.13	1.3022	46.270	0.12758	vapor
1231.6	0.10000	0.0097667	102.39	71.551	81.790	178.32	35.836	44.158	836.82	1.2951	46.351	0.12789	vapor
1233.8	0.10000	0.0097492	102.57	71.631	81.888	178.40	35.862	44.185	837.52	1.2881	46.432	0.12821	vapor
1236.0	0.10000	0.0097317	102.76	71.710	81.986	178.48	35.889	44.211	838.21	1.2811	46.513	0.12852	vapor
1238.2	0.10000	0.0097143	102.94	71.790	82.084	178.56	35.915	44.237	838.90	1.2742	46.594	0.12883	vapor
1240.4	0.10000	0.0096970	103.12	71.869	82.182	178.63	35.941	44.263	839.60	1.2673	46.675	0.12915	vapor
1242.6	0.10000	0.0096797	103.31	71.949	82.280	178.71	35.967	44.289	840.29	1.2604	46.755	0.12946	vapor
1244.8	0.10000	0.0096625	103.49	72.028	82.378	178.79	35.993	44.315	840.98	1.2536	46.836	0.12977	vapor
1247.1	0.10000	0.0096453	103.68	72.108	82.476	178.87	36.019	44.341	841.67	1.2468	46.917	0.13009	vapor
1249.3	0.10000	0.0096282	103.86	72.188	82.574	178.95	36.045	44.367	842.36	1.2401	46.997	0.13040	vapor
1251.5	0.10000	0.0096112	104.05	72.268	82.672	179.03	36.071	44.393	843.05	1.2334	47.078	0.13072	vapor
1253.7	0.10000	0.0095942	104.23	72.348	82.771	179.11	36.097	44.419	843.74	1.2268	47.158	0.13103	vapor
1255.9	0.10000	0.0095773	104.41	72.428	82.869	179.18	36.123	44.445	844.43	1.2202	47.239	0.13134	vapor
1258.1	0.10000	0.0095604	104.60	72.508	82.967	179.26	36.149	44.471	845.11	1.2136	47.319	0.13166	vapor
1260.3	0.10000	0.0095436	104.78	72.588	83.066	179.34	36.175	44.497	845.80	1.2071	47.400	0.13197	vapor
1262.5	0.10000	0.0095269	104.97	72.668	83.164	179.42	36.201	44.523	846.49	1.2007	47.480	0.13229	vapor
1264.8	0.10000	0.0095102	105.15	72.748	83.263	179.50	36.227	44.549	847.17	1.1942	47.560	0.13260	vapor
1267.0	0.10000	0.0094936	105.33	72.828	83.362	179.58	36.253	44.574	847.86	1.1879	47.640	0.13292	vapor
1269.2	0.10000	0.0094770	105.52	72.908	83.460	179.65	36.279	44.600	848.54	1.1815	47.721	0.13323	vapor
1271.4	0.10000	0.0094605	105.70	72.989	83.559	179.73	36.304	44.626	849.22	1.1752	47.801	0.13355	vapor
1273.6	0.10000	0.0094441	105.89	73.069	83.658	179.81	36.330	44.652	849.91	1.1689	47.881	0.13386	vapor
1275.8	0.10000	0.0094277	106.07	73.150	83.757	179.89	36.356	44.677	850.59	1.1627	47.961	0.13418	vapor
1278.0	0.10000	0.0094113	106.25	73.230	83.856	179.96	36.381	44.703	851.27	1.1565	48.041	0.13449	vapor
1280.3	0.10000	0.0093951	106.44	73.311	83.954	180.04	36.407	44.728	851.95	1.1504	48.121	0.13481	vapor
1282.5	0.10000	0.0093788	106.62	73.391	84.054	180.12	36.433	44.754	852.63	1.1442	48.200	0.13512	vapor
1284.7	0.10000	0.0093627	106.81	73.472	84.153	180.20	36.458	44.779	853.31	1.1382	48.280	0.13544	vapor
1286.9	0.10000	0.0093466	106.99	73.553	84.252	180.27	36.484	44.805	853.99	1.1321	48.360	0.13576	vapor
1289.1	0.10000	0.0093305	107.18	73.633	84.351	180.35	36.509	44.830	854.67	1.1261	48.440	0.13607	vapor
1291.3	0.10000	0.0093145	107.36	73.714	84.450	180.43	36.535	44.856	855.35	1.1202	48.519	0.13639	vapor
1293.5	0.10000	0.0092986	107.54	73.795	84.550	180.50	36.560	44.881	856.03	1.1143	48.599	0.13670	vapor
1295.8	0.10000	0.0092827	107.73	73.876	84.649	180.58	36.585	44.907	856.71	1.1084	48.679	0.13702	vapor
1298.0	0.10000	0.0092668	107.91	73.957	84.748	180.66	36.611	44.932	857.38	1.1025	48.758	0.13734	vapor
1300.2	0.10000	0.0092511	108.10	74.038	84.848	180.73	36.636	44.957	858.06	1.0967	48.838	0.13765	vapor
1302.4	0.10000	0.0092353	108.28	74.119	84.947	180.81	36.661	44.982	858.74	1.0909	48.917	0.13797	vapor
1304.6	0.10000	0.0092196	108.46	74.201	85.047	180.89	36.687	45.008	859.41	1.0852	48.996	0.13828	vapor
1306.8	0.10000	0.0092040	108.65	74.282	85.147	180.96	36.712	45.033	860.08	1.0795	49.076	0.13860	vapor
1309.0	0.10000	0.0091885	108.83	74.363	85.246	181.04	36.737	45.058	860.76	1.0738	49.155	0.13892	vapor
1311.2	0.10000	0.0091729	109.02	74.444	85.346	181.11	36.762	45.083	861.43	1.0681	49.234	0.13923	vapor
1313.5	0.10000	0.0091575	109.20	74.526	85.446	181.19	36.787	45.108	862.10	1.0625	49.314	0.13955	vapor
1315.7	0.10000	0.0091421	109.38	74.607	85.546	181.27	36.812	45.133	862.78	1.0570	49.393	0.13987	vapor
1317.9	0.10000	0.0091267	109.57	74.689	85.646	181.34	36.838	45.158	863.45	1.0514	49.472	0.14019	vapor
1320.1	0.10000	0.0091114	109.75	74.770	85.746	181.42	36.863	45.183	864.12	1.0459	49.551	0.14050	vapor
1322.3	0.10000	0.0090961	109.94	74.852	85.846	181.49	36.888	45.208	864.79	1.0404	49.630	0.14082	vapor
1324.5	0.10000	0.0090809	110.12	74.934	85.946	181.57	36.913	45.233	865.46	1.0350	49.709	0.14114	vapor
1326.7	0.10000	0.0090658	110.31	75.015	86.046	181.65	36.937	45.258	866.13	1.0296	49.788	0.14145	vapor
1329.0	0.10000	0.0090507	110.49	75.097	86.146	181.72	36.962	45.283	866.80	1.0242	49.867	0.14177	vapor
1331.2	0.10000	0.0090356	110.67	75.179	86.246	181.80	36.987	45.308	867.47	1.0189	49.945	0.14209	vapor
1333.4	0.10000	0.0090206	110.86	75.261	86.347	181.87	37.012	45.333	868.13	1.0136	50.024	0.14241	vapor
1335.6	0.10000	0.0090056	111.04	75.343	86.447	181.95	37.037	45.357	868.80	1.0083	50.103	0.14273	vapor
1337.8	0.10000	0.0089907	111.23	75.425	86.547	182.02	37.062	45.382	869.47	1.0030	50.182	0.14304	vapor
1340.0	0.10000	0.0089759	111.41	75.507	86.648	182.10	37.086	45.407	870.13	0.99782	50.260	0.14336	vapor
1342.2	0.10000	0.0089611	111.59	75.589	86.748	182.17	37.111	45.431	870.80	0.99264	50.339	0.14368	vapor
1344.4	0.10000	0.0089463	111.78	75.671	86.849	182.25	37.136	45.456	871.46	0.98748	50.417	0.14400	vapor
1346.7	0.10000	0.0089316	111.96	75.753	86.950	182.32	37.160	45.481	872.13	0.98236	50.496	0.14432	vapor
1348.9	0.10000	0.0089169	112.15	75.836	87.050	182.40	37.185	45.505	872.79	0.97727	50.574	0.14463	vapor
1351.1	0.10000	0.0089023	112.33	75.918	87.151	182.47	37.209	45.530	873.46	0.97220	undefined	undefined	vapor
1353.3	0.10000	0.0088878	112.51	76.001	87.252	182.55	37.234	45.554	874.12	0.96717	undefined	undefined	vapor
1355.5	0.10000	0.0088732	112.70	76.083	87.353	182.62	37.258	45.579	874.78	0.96216	undefined	undefined	vapor
1357.7	0.10000	0.0088588	112.88	76.165	87.454	182.69	37.283	45.603	875.44	0.95719	undefined	undefined	vapor
1359.9	0.10000	0.0088444	113.07	76.248	87.555	182.77	37.307	45.627	876.10	0.95224	undefined	undefined	vapor
1362.2	0.10000	0.0088300	113.25	76.331	87.656	182.84	37.332	45.652	876.76	0.94732	undefined	undefined	vapor
1364.4	0.10000	0.0088156	113.43	76.413	87.757	182.92	37.356	45.676	877.42	0.94243	undefined	undefined	vapor
1366.6	0.10000	0.0088014	113.62	76.496	87.858	182.99	37.380	45.700	878.08	0.93757	undefined	undefined	vapor
1368.8	0.10000	0.0087871	113.80	76.579	87.959	183.06	37.404	45.725	878.74	0.93274	undefined	undefined	vapor
1371.0	0.10000	0.0087729	113.99	76.662	88.060	183.14	37.429	45.749	879.40	0.92794	undefined	undefined	vapor
1373.2	0.10000	0.0087588	114.17	76.744	88.162	183.21	37.453	45.773	880.06	0.92316	undefined	undefined	vapor
1375.4	0.10000	0.0087447	114.36	76.827	88.263	183.29	37.477	45.797	880.72	0.91841	undefined	undefined	vapor
1377.6	0.10000	0.0087306	114.54	76.910	88.364	183.36	37.501	45.821	881.38	0.91369	undefined	undefined	vapor
1379.9	0.10000	0.0087166	114.72	76.993	88.466	183.43	37.525	45.845	882.03	0.90899	undefined	undefined	vapor
1382.1	0.10000	0.0087027	114.91	77.077	88.567	183.51	37.549	45.869	882.69	0.90433	undefined	undefined	vapor
1384.3	0.10000	0.0086887	115.09	77.160	88.669	183.58	37.573	45.893	883.34	0.89968	undefined	undefined	vapor
1386.5	0.10000	0.0086749	115.28	77.243	88.770	183.65	37.597	45.917	884.00	0.89507	undefined	undefined	vapor
1388.7	0.10000	0.0086610	115.46	77.326	88.872	183.73	37.621	45.941	884.65	0.89048	undefined	undefined	vapor
1390.9	0.10000	0.0086472	115.64	77.409	88.974	183.80	37.645	45.965	885.31	0.88592	undefined	undefined	vapor
1393.1	0.10000	0.0086335	115.83	77.493	89.076	183.87	37.669	45.989	885.96	0.88138	undefined	undefined	vapor
1395.4	0.10000	0.0086198	116.01	77.576	89.177	183.95	37.693	46.013	886.61	0.87687	undefined	undefined	vapor
1397.6	0.10000	0.0086061	116.20	77.660	89.279	184.02	37.717	46.036	887.27	0.87239	undefined	undefined	vapor
1399.8	0.10000	0.0085925	116.38	77.743	89.381	184.09	37.740	46.060	887.92	0.86793	undefined	undefined	vapor
1402.0	0.10000	0.0085790	116.56	77.827	89.483	184.17	37.764	46.084	888.57	0.86350	undefined	undefined	vapor
1404.2	0.10000	0.0085654	116.75	77.910	89.585	184.24	37.788	46.107	889.22	0.85909	undefined	undefined	vapor
1406.4	0.10000	0.0085519	116.93	77.994	89.687	184.31	37.811	46.131	889.87	0.85470	undefined	undefined	vapor
1408.6	0.10000	0.0085385	117.12	78.078	89.789	184.38	37.835	46.155	890.52	0.85034	undefined	undefined	vapor
1410.8	0.10000	0.0085251	117.30	78.162	89.892	184.46	37.859	46.178	891.17	0.84601	undefined	undefined	vapor
1413.1	0.10000	0.0085117	117.48	78.245	89.994	184.53	37.882	46.202	891.82	0.84170	undefined	undefined	vapor
1415.3	0.10000	0.0084984	117.67	78.329	90.096	184.60	37.906	46.225	892.47	0.83741	undefined	undefined	vapor
1417.5	0.10000	0.0084852	117.85	78.413	90.198	184.67	37.929	46.249	893.12	0.83315	undefined	undefined	vapor
1419.7	0.10000	0.0084719	118.04	78.497	90.301	184.74	37.953	46.272	893.76	0.82891	undefined	undefined	vapor
1421.9	0.10000	0.0084587	118.22	78.581	90.403	184.82	37.976	46.295	894.41	0.82469	undefined	undefined	vapor
1424.1	0.10000	0.0084456	118.41	78.665	90.506	184.89	37.999	46.319	895.06	0.82050	undefined	undefined	vapor
1426.3	0.10000	0.0084325	118.59	78.749	90.608	184.96	38.023	46.342	895.70	0.81633	undefined	undefined	vapor
1428.6	0.10000	0.0084194	118.77	78.834	90.711	185.03	38.046	46.365	896.35	0.81218	undefined	undefined	vapor
1430.8	0.10000	0.0084064	118.96	78.918	90.814	185.10	38.069	46.389	897.00	0.80806	undefined	undefined	vapor
1433.0	0.10000	0.0083934	119.14	79.002	90.916	185.18	38.092	46.412	897.64	0.80396	undefined	undefined	vapor
1435.2	0.10000	0.0083804	119.33	79.086	91.019	185.25	38.116	46.435	898.28	0.79988	undefined	undefined	vapor
1437.4	0.10000	0.0083675	119.51	79.171	91.122	185.32	38.139	46.458	898.93	0.79583	undefined	undefined	vapor
1439.6	0.10000	0.0083547	119.69	79.255	91.225	185.39	38.162	46.481	899.57	0.79180	undefined	undefined	vapor
1441.8	0.10000	0.0083418	119.88	79.340	91.328	185.46	38.185	46.504	900.21	0.78778	undefined	undefined	vapor
1444.0	0.10000	0.0083290	120.06	79.424	91.431	185.53	38.208	46.527	900.86	0.78380	undefined	undefined	vapor
1446.3	0.10000	0.0083163	120.25	79.509	91.534	185.60	38.231	46.550	901.50	0.77983	undefined	undefined	vapor
1448.5	0.10000	0.0083036	120.43	79.594	91.637	185.68	38.254	46.573	902.14	0.77588	undefined	undefined	vapor
1450.7	0.10000	0.0082909	120.61	79.678	91.740	185.75	38.277	46.596	902.78	0.77196	undefined	undefined	vapor
1452.9	0.10000	0.0082783	120.80	79.763	91.843	185.82	38.300	46.619	903.42	0.76806	undefined	undefined	vapor
1455.1	0.10000	0.0082657	120.98	79.848	91.946	185.89	38.323	46.642	904.06	0.76417	undefined	undefined	vapor
1457.3	0.10000	0.0082531	121.17	79.933	92.049	185.96	38.345	46.664	904.70	0.76031	undefined	undefined	vapor
1459.5	0.10000	0.0082406	121.35	80.018	92.153	186.03	38.368	46.687	905.34	0.75647	undefined	undefined	vapor
1461.8	0.10000	0.0082281	121.53	80.103	92.256	186.10	38.391	46.710	905.98	0.75265	undefined	undefined	vapor
1464.0	0.10000	0.0082157	121.72	80.188	92.359	186.17	38.414	46.733	906.62	0.74886	undefined	undefined	vapor
1466.2	0.10000	0.0082033	121.90	80.273	92.463	186.24	38.436	46.755	907.25	0.74508	undefined	undefined	vapor
1468.4	0.10000	0.0081909	122.09	80.358	92.566	186.31	38.459	46.778	907.89	0.74132	undefined	undefined	vapor
1470.6	0.10000	0.0081786	122.27	80.443	92.670	186.38	38.482	46.800	908.53	0.73758	undefined	undefined	vapor
1472.8	0.10000	0.0081663	122.45	80.528	92.774	186.45	38.504	46.823	909.16	0.73386	undefined	undefined	vapor
1475.0	0.10000	0.0081540	122.64	80.613	92.877	186.52	38.527	46.845	909.80	0.73017	undefined	undefined	vapor
1477.2	0.10000	0.0081418	122.82	80.699	92.981	186.60	38.549	46.868	910.44	0.72649	undefined	undefined	vapor
1479.5	0.10000	0.0081296	123.01	80.784	93.085	186.67	38.571	46.890	911.07	0.72283	undefined	undefined	vapor
1481.7	0.10000	0.0081175	123.19	80.869	93.189	186.74	38.594	46.913	911.70	0.71919	undefined	undefined	vapor
1483.9	0.10000	0.0081053	123.38	80.955	93.292	186.81	38.616	46.935	912.34	0.71557	undefined	undefined	vapor
1486.1	0.10000	0.0080933	123.56	81.040	93.396	186.88	38.639	46.957	912.97	0.71197	undefined	undefined	vapor
1488.3	0.10000	0.0080812	123.74	81.126	93.500	186.95	38.661	46.980	913.61	0.70839	undefined	undefined	vapor
1490.5	0.10000	0.0080692	123.93	81.212	93.604	187.02	38.683	47.002	914.24	0.70483	undefined	undefined	vapor
1492.7	0.10000	0.0080573	124.11	81.297	93.708	187.08	38.705	47.024	914.87	0.70128	undefined	undefined	vapor
1495.0	0.10000	0.0080453	124.30	81.383	93.812	187.15	38.728	47.046	915.50	0.69776	undefined	undefined	vapor
1497.2	0.10000	0.0080334	124.48	81.469	93.917	187.22	38.750	47.068	916.13	0.69425	undefined	undefined	vapor
1499.4	0.10000	0.0080216	124.66	81.554	94.021	187.29	38.772	47.090	916.76	0.69076	undefined	undefined	vapor
1501.6	0.10000	0.0080097	124.85	81.640	94.125	187.36	38.794	47.112	917.39	0.68729	undefined	undefined	vapor
1503.8	0.10000	0.0079979	125.03	81.726	94.229	187.43	38.816	47.134	918.02	0.68384	undefined	undefined	vapor
1506.0	0.10000	0.0079862	125.22	81.812	94.334	187.50	38.838	47.156	918.65	0.68041	undefined	undefined	vapor
1508.2	0.10000	0.0079745	125.40	81.898	94.438	187.57	38.860	47.178	919.28	0.67699	undefined	undefined	vapor
1510.5	0.10000	0.0079628	125.58	81.984	94.543	187.64	38.882	47.200	919.91	0.67359	undefined	undefined	vapor
1512.7	0.10000	0.0079511	125.77	82.070	94.647	187.71	38.904	47.222	920.54	0.67021	undefined	undefined	vapor
1514.9	0.10000	0.0079395	125.95	82.156	94.752	187.78	38.925	47.244	921.17	0.66685	undefined	undefined	vapor
1517.1	0.10000	0.0079279	126.14	82.243	94.856	187.85	38.947	47.266	921.80	0.66350	undefined	undefined	vapor
1519.3	0.10000	0.0079164	126.32	82.329	94.961	187.92	38.969	47.288	922.42	0.66017	undefined	undefined	vapor
1521.5	0.10000	0.0079048	126.50	82.415	95.066	187.99	38.991	47.309	923.05	0.65686	undefined	undefined	vapor
1523.7	0.10000	0.0078934	126.69	82.501	95.170	188.05	39.012	47.331	923.68	0.65357	undefined	undefined	vapor
1525.9	0.10000	0.0078819	126.87	82.588	95.275	188.12	39.034	47.353	924.30	0.65029	undefined	undefined	vapor
1528.2	0.10000	0.0078705	127.06	82.674	95.380	188.19	39.056	47.374	924.93	0.64703	undefined	undefined	vapor
1530.4	0.10000	0.0078591	127.24	82.761	95.485	188.26	39.077	47.396	925.55	0.64379	undefined	undefined	vapor
1532.6	0.10000	0.0078478	127.43	82.847	95.590	188.33	39.099	47.417	926.18	0.64056	undefined	undefined	vapor
1534.8	0.10000	0.0078364	127.61	82.934	95.695	188.40	39.120	47.439	926.80	0.63735	undefined	undefined	vapor
1537.0	0.10000	0.0078251	127.79	83.020	95.800	188.47	39.142	47.460	927.42	0.63415	undefined	undefined	vapor
1539.2	0.10000	0.0078139	127.98	83.107	95.905	188.53	39.163	47.482	928.05	0.63098	undefined	undefined	vapor
1541.4	0.10000	0.0078027	128.16	83.194	96.010	188.60	39.185	47.503	928.67	0.62781	undefined	undefined	vapor
1543.7	0.10000	0.0077915	128.35	83.281	96.115	188.67	39.206	47.524	929.29	0.62467	undefined	undefined	vapor
1545.9	0.10000	0.0077803	128.53	83.367	96.220	188.74	39.227	47.546	929.91	0.62154	undefined	undefined	vapor
1548.1	0.10000	0.0077692	128.71	83.454	96.326	188.81	39.249	47.567	930.54	0.61843	undefined	undefined	vapor
1550.3	0.10000	0.0077581	128.90	83.541	96.431	188.87	39.270	47.588	931.16	0.61533	undefined	undefined	vapor
1552.5	0.10000	0.0077470	129.08	83.628	96.536	188.94	39.291	47.609	931.78	0.61224	undefined	undefined	vapor
1554.7	0.10000	0.0077360	129.27	83.715	96.642	189.01	39.312	47.631	932.40	0.60918	undefined	undefined	vapor
1556.9	0.10000	0.0077250	129.45	83.802	96.747	189.08	39.333	47.652	933.02	0.60613	undefined	undefined	vapor
1559.1	0.10000	0.0077140	129.63	83.889	96.853	189.15	39.355	47.673	933.64	0.60309	undefined	undefined	vapor
1561.4	0.10000	0.0077031	129.82	83.976	96.958	189.21	39.376	47.694	934.26	0.60007	undefined	undefined	vapor
1563.6	0.10000	0.0076922	130.00	84.063	97.064	189.28	39.397	47.715	934.87	0.59706	undefined	undefined	vapor
1565.8	0.10000	0.0076813	130.19	84.151	97.169	189.35	39.418	47.736	935.49	0.59407	undefined	undefined	vapor
1568.0	0.10000	0.0076705	130.37	84.238	97.275	189.42	39.439	47.757	936.11	0.59110	undefined	undefined	vapor
1570.2	0.10000	0.0076596	130.55	84.325	97.381	189.48	39.460	47.778	936.73	0.58813	undefined	undefined	vapor
1572.4	0.10000	0.0076489	130.74	84.413	97.487	189.55	39.480	47.798	937.34	0.58519	undefined	undefined	vapor
1574.6	0.10000	0.0076381	130.92	84.500	97.592	189.62	39.501	47.819	937.96	0.58226	undefined	undefined	vapor
1576.9	0.10000	0.0076274	131.11	84.588	97.698	189.68	39.522	47.840	938.58	0.57934	undefined	undefined	vapor
1579.1	0.10000	0.0076167	131.29	84.675	97.804	189.75	39.543	47.861	939.19	0.57644	undefined	undefined	vapor
1581.3	0.10000	0.0076060	131.47	84.763	97.910	189.82	39.564	47.882	939.81	0.57355	undefined	undefined	vapor
1583.5	0.10000	0.0075954	131.66	84.850	98.016	189.89	39.584	47.902	940.42	0.57067	undefined	undefined	vapor
1585.7	0.10000	0.0075848	131.84	84.938	98.122	189.95	39.605	47.923	941.04	0.56781	undefined	undefined	vapor
1587.9	0.10000	0.0075742	132.03	85.026	98.228	190.02	39.626	47.943	941.65	0.56497	undefined	undefined	vapor
1590.1	0.10000	0.0075637	132.21	85.113	98.334	190.09	39.646	47.964	942.27	0.56214	undefined	undefined	vapor
1592.3	0.10000	0.0075532	132.39	85.201	98.441	190.15	39.667	47.985	942.88	0.55932	undefined	undefined	vapor
1594.6	0.10000	0.0075427	132.58	85.289	98.547	190.22	39.687	48.005	943.49	0.55651	undefined	undefined	vapor
1596.8	0.10000	0.0075322	132.76	85.377	98.653	190.29	39.708	48.026	944.10	0.55372	undefined	undefined	vapor
1599.0	0.10000	0.0075218	132.95	85.465	98.759	190.35	39.728	48.046	944.72	0.55095	undefined	undefined	vapor
1601.2	0.10000	0.0075114	133.13	85.553	98.866	190.42	39.748	48.066	945.33	0.54818	undefined	undefined	vapor