Temperature (K)	Pressure (MPa)	Density (mol/l)	Volume (l/mol)	Internal Energy (kJ/mol)	Enthalpy (kJ/mol)	Entropy (J/mol*K)	Cv (J/mol*K)	Cp (J/mol*K)	Sound Spd. (m/s)	Joule-Thomson (K/MPa)	Viscosity (uPa*s)	Therm. Cond. (W/m*K)	Phase
273.16	30.000	56.315	0.017757	0.0059237	0.53864	0.0075409	73.698	73.712	1451.5	-0.23850	1733.3	0.57695	liquid
275.37	30.000	56.309	0.017759	0.16903	0.70180	0.60246	73.678	73.724	1462.3	-0.23654	1613.8	0.58172	liquid
277.59	30.000	56.299	0.017762	0.33213	0.86500	1.1927	73.645	73.738	1472.6	-0.23468	1506.8	0.58632	liquid
279.80	30.000	56.286	0.017766	0.49524	1.0282	1.7784	73.598	73.754	1482.4	-0.23290	1410.8	0.59076	liquid
282.01	30.000	56.270	0.017772	0.65835	1.1915	2.3596	73.541	73.771	1491.7	-0.23120	1324.2	0.59506	liquid
284.23	30.000	56.250	0.017778	0.82147	1.3548	2.9364	73.474	73.790	1500.6	-0.22956	1245.9	0.59921	liquid
286.44	30.000	56.228	0.017785	0.98461	1.5181	3.5089	73.397	73.809	1509.0	-0.22799	1174.7	0.60324	liquid
288.65	30.000	56.204	0.017792	1.1478	1.6815	4.0772	73.313	73.830	1517.0	-0.22647	1109.8	0.60715	liquid
290.87	30.000	56.177	0.017801	1.3109	1.8450	4.6412	73.220	73.852	1524.5	-0.22500	1050.5	0.61094	liquid
293.08	30.000	56.147	0.017810	1.4742	2.0085	5.2011	73.120	73.874	1531.7	-0.22358	996.10	0.61463	liquid
295.29	30.000	56.115	0.017821	1.6374	2.1720	5.7570	73.014	73.896	1538.5	-0.22219	946.11	0.61821	liquid
297.51	30.000	56.081	0.017831	1.8006	2.3356	6.3090	72.901	73.919	1544.9	-0.22084	900.05	0.62170	liquid
299.72	30.000	56.044	0.017843	1.9639	2.4992	6.8570	72.782	73.942	1550.9	-0.21952	857.50	0.62509	liquid
301.93	30.000	56.006	0.017855	2.1273	2.6629	7.4011	72.658	73.966	1556.6	-0.21824	818.11	0.62838	liquid
304.15	30.000	55.966	0.017868	2.2906	2.8267	7.9414	72.529	73.989	1561.9	-0.21698	781.56	0.63159	liquid
306.36	30.000	55.923	0.017882	2.4540	2.9905	8.4780	72.395	74.013	1566.9	-0.21574	747.58	0.63471	liquid
308.57	30.000	55.879	0.017896	2.6174	3.1543	9.0109	72.256	74.036	1571.6	-0.21453	715.94	0.63774	liquid
310.79	30.000	55.833	0.017910	2.7809	3.3182	9.5401	72.112	74.060	1576.0	-0.21334	686.42	0.64070	liquid
313.00	30.000	55.786	0.017926	2.9444	3.4821	10.066	71.965	74.083	1580.1	-0.21216	658.84	0.64357	liquid
315.21	30.000	55.736	0.017942	3.1079	3.6461	10.588	71.813	74.106	1583.9	-0.21101	633.01	0.64636	liquid
317.43	30.000	55.685	0.017958	3.2715	3.8102	11.107	71.658	74.129	1587.4	-0.20987	608.81	0.64907	liquid
319.64	30.000	55.632	0.017975	3.4350	3.9743	11.622	71.499	74.152	1590.7	-0.20874	586.09	0.65170	liquid
321.85	30.000	55.578	0.017993	3.5987	4.1385	12.134	71.337	74.175	1593.7	-0.20762	564.73	0.65426	liquid
324.07	30.000	55.522	0.018011	3.7623	4.3027	12.642	71.172	74.198	1596.4	-0.20652	544.62	0.65674	liquid
326.28	30.000	55.465	0.018029	3.9260	4.4669	13.147	71.005	74.221	1598.9	-0.20542	525.67	0.65915	liquid
328.49	30.000	55.406	0.018049	4.0898	4.6312	13.649	70.834	74.244	1601.1	-0.20434	507.80	0.66148	liquid
330.71	30.000	55.346	0.018068	4.2535	4.7956	14.148	70.661	74.267	1603.2	-0.20326	490.91	0.66374	liquid
332.92	30.000	55.284	0.018088	4.4173	4.9600	14.643	70.486	74.290	1604.9	-0.20219	474.94	0.66593	liquid
335.14	30.000	55.221	0.018109	4.5812	5.1244	15.135	70.309	74.314	1606.5	-0.20112	459.83	0.66805	liquid
337.35	30.000	55.157	0.018130	4.7451	5.2890	15.625	70.129	74.337	1607.9	-0.20005	445.51	0.67009	liquid
339.56	30.000	55.091	0.018152	4.9090	5.4535	16.111	69.948	74.361	1609.0	-0.19899	431.92	0.67207	liquid
341.78	30.000	55.024	0.018174	5.0729	5.6181	16.594	69.766	74.386	1610.0	-0.19793	419.03	0.67397	liquid
343.99	30.000	54.956	0.018196	5.2369	5.7828	17.074	69.582	74.410	1610.8	-0.19687	406.78	0.67581	liquid
346.20	30.000	54.886	0.018220	5.4010	5.9475	17.552	69.396	74.436	1611.3	-0.19581	395.13	0.67758	liquid
348.42	30.000	54.815	0.018243	5.5650	6.1123	18.026	69.210	74.461	1611.7	-0.19475	384.04	0.67928	liquid
350.63	30.000	54.743	0.018267	5.7292	6.2772	18.498	69.023	74.488	1611.9	-0.19369	373.47	0.68091	liquid
352.84	30.000	54.670	0.018292	5.8933	6.4421	18.967	68.835	74.515	1612.0	-0.19263	363.41	0.68247	liquid
355.06	30.000	54.596	0.018316	6.0575	6.6070	19.433	68.646	74.543	1611.8	-0.19156	353.80	0.68397	liquid
357.27	30.000	54.520	0.018342	6.2218	6.7721	19.896	68.457	74.572	1611.5	-0.19049	344.64	0.68540	liquid
359.48	30.000	54.443	0.018368	6.3861	6.9371	20.357	68.267	74.601	1611.1	-0.18941	335.88	0.68677	liquid
361.70	30.000	54.365	0.018394	6.5505	7.1023	20.815	68.077	74.632	1610.5	-0.18833	327.51	0.68807	liquid
363.91	30.000	54.286	0.018421	6.7149	7.2675	21.270	67.886	74.663	1609.7	-0.18725	319.50	0.68931	liquid
366.12	30.000	54.206	0.018448	6.8794	7.4328	21.723	67.696	74.696	1608.8	-0.18615	311.83	0.69049	liquid
368.34	30.000	54.125	0.018476	7.0439	7.5982	22.173	67.505	74.730	1607.7	-0.18505	304.49	0.69160	liquid
370.55	30.000	54.043	0.018504	7.2085	7.7636	22.621	67.315	74.764	1606.5	-0.18394	297.46	0.69265	liquid
372.76	30.000	53.959	0.018533	7.3732	7.9292	23.067	67.125	74.801	1605.1	-0.18282	290.71	0.69363	liquid
374.98	30.000	53.875	0.018562	7.5379	8.0948	23.509	66.935	74.838	1603.6	-0.18170	284.24	0.69456	liquid
377.19	30.000	53.789	0.018591	7.7027	8.2605	23.950	66.746	74.877	1602.0	-0.18056	278.02	0.69542	liquid
379.40	30.000	53.702	0.018621	7.8676	8.4262	24.388	66.557	74.917	1600.3	-0.17941	272.06	0.69623	liquid
381.62	30.000	53.615	0.018652	8.0325	8.5921	24.824	66.368	74.958	1598.4	-0.17825	266.32	0.69697	liquid
383.83	30.000	53.526	0.018682	8.1976	8.7581	25.258	66.180	75.001	1596.3	-0.17708	260.81	0.69766	liquid
386.04	30.000	53.436	0.018714	8.3627	8.9241	25.689	65.992	75.046	1594.2	-0.17590	255.50	0.69829	liquid
388.26	30.000	53.346	0.018746	8.5279	9.0903	26.118	65.806	75.092	1591.9	-0.17470	250.40	0.69886	liquid
390.47	30.000	53.254	0.018778	8.6932	9.2565	26.545	65.620	75.140	1589.5	-0.17349	245.48	0.69937	liquid
392.68	30.000	53.161	0.018811	8.8586	9.4229	26.970	65.435	75.189	1587.0	-0.17226	240.75	0.69982	liquid
394.90	30.000	53.067	0.018844	9.0241	9.5894	27.393	65.250	75.240	1584.4	-0.17102	236.18	0.70022	liquid
397.11	30.000	52.972	0.018878	9.1896	9.7560	27.814	65.067	75.293	1581.7	-0.16977	231.78	0.70056	liquid
399.32	30.000	52.876	0.018912	9.3553	9.9227	28.232	64.884	75.347	1578.8	-0.16849	227.53	0.70085	liquid
401.54	30.000	52.780	0.018947	9.5211	10.090	28.649	64.703	75.404	1575.9	-0.16721	223.44	0.70108	liquid
403.75	30.000	52.682	0.018982	9.6870	10.256	29.064	64.522	75.462	1572.8	-0.16590	219.48	0.70126	liquid
405.96	30.000	52.583	0.019018	9.8530	10.424	29.476	64.343	75.522	1569.6	-0.16457	215.66	0.70138	liquid
408.18	30.000	52.483	0.019054	10.019	10.591	29.887	64.164	75.584	1566.3	-0.16323	211.96	0.70145	liquid
410.39	30.000	52.382	0.019090	10.185	10.758	30.296	63.987	75.648	1562.9	-0.16187	208.39	0.70147	liquid
412.60	30.000	52.280	0.019128	10.352	10.926	30.703	63.810	75.715	1559.4	-0.16049	204.94	0.70143	liquid
414.82	30.000	52.178	0.019165	10.518	11.093	31.108	63.635	75.783	1555.8	-0.15908	201.60	0.70134	liquid
417.03	30.000	52.074	0.019203	10.685	11.261	31.512	63.461	75.853	1552.1	-0.15766	198.36	0.70121	liquid
419.24	30.000	51.969	0.019242	10.852	11.429	31.914	63.288	75.926	1548.3	-0.15621	195.23	0.70102	liquid
421.46	30.000	51.863	0.019281	11.019	11.597	32.314	63.117	76.000	1544.4	-0.15474	192.20	0.70078	liquid
423.67	30.000	51.757	0.019321	11.186	11.766	32.712	62.946	76.077	1540.4	-0.15325	189.26	0.70049	liquid
425.88	30.000	51.649	0.019361	11.353	11.934	33.109	62.777	76.157	1536.3	-0.15173	186.41	0.70015	liquid
428.10	30.000	51.540	0.019402	11.521	12.103	33.504	62.609	76.238	1532.1	-0.15018	183.65	0.69976	liquid
430.31	30.000	51.430	0.019444	11.688	12.272	33.897	62.442	76.322	1527.8	-0.14861	180.97	0.69933	liquid
432.52	30.000	51.320	0.019486	11.856	12.441	34.289	62.277	76.408	1523.5	-0.14702	178.37	0.69884	liquid
434.74	30.000	51.208	0.019528	12.024	12.610	34.679	62.113	76.497	1519.0	-0.14539	175.84	0.69831	liquid
436.95	30.000	51.095	0.019571	12.192	12.779	35.068	61.950	76.588	1514.4	-0.14374	173.39	0.69773	liquid
439.16	30.000	50.982	0.019615	12.360	12.949	35.455	61.788	76.682	1509.8	-0.14206	171.01	0.69710	liquid
441.38	30.000	50.867	0.019659	12.529	13.119	35.841	61.627	76.779	1505.0	-0.14035	168.70	0.69643	liquid
443.59	30.000	50.751	0.019704	12.698	13.289	36.225	61.468	76.878	1500.2	-0.13861	166.44	0.69571	liquid
445.81	30.000	50.634	0.019749	12.867	13.459	36.608	61.310	76.980	1495.2	-0.13683	164.26	0.69495	liquid
448.02	30.000	50.516	0.019796	13.036	13.629	36.989	61.153	77.084	1490.2	-0.13502	162.13	0.69426	liquid
450.23	30.000	50.398	0.019842	13.205	13.800	37.370	60.998	77.192	1485.1	-0.13318	160.06	0.69355	liquid
452.45	30.000	50.278	0.019890	13.375	13.971	37.748	60.844	77.302	1479.9	-0.13131	158.04	0.69274	liquid
454.66	30.000	50.157	0.019938	13.544	14.142	38.126	60.691	77.416	1474.7	-0.12939	156.08	0.69187	liquid
456.87	30.000	50.035	0.019986	13.714	14.314	38.502	60.540	77.532	1469.3	-0.12744	154.16	0.69096	liquid
459.09	30.000	49.912	0.020035	13.885	14.486	38.877	60.389	77.652	1463.8	-0.12545	152.30	0.68999	liquid
461.30	30.000	49.787	0.020085	14.055	14.658	39.251	60.240	77.774	1458.3	-0.12343	150.48	0.68898	liquid
463.51	30.000	49.662	0.020136	14.226	14.830	39.623	60.092	77.900	1452.7	-0.12136	148.71	0.68792	liquid
465.73	30.000	49.536	0.020187	14.397	15.003	39.995	59.946	78.029	1447.0	-0.11924	146.98	0.68682	liquid
467.94	30.000	49.408	0.020240	14.568	15.175	40.365	59.801	78.162	1441.2	-0.11709	145.30	0.68567	liquid
470.15	30.000	49.280	0.020292	14.740	15.349	40.734	59.657	78.298	1435.3	-0.11489	143.65	0.68448	liquid
472.37	30.000	49.150	0.020346	14.912	15.522	41.102	59.514	78.438	1429.4	-0.11264	142.04	0.68325	liquid
474.58	30.000	49.019	0.020400	15.084	15.696	41.469	59.373	78.581	1423.4	-0.11035	140.47	0.68197	liquid
476.79	30.000	48.887	0.020455	15.256	15.870	41.835	59.232	78.728	1417.3	-0.10800	138.94	0.68066	liquid
479.01	30.000	48.754	0.020511	15.429	16.044	42.200	59.094	78.879	1411.1	-0.10561	137.44	0.67930	liquid
481.22	30.000	48.619	0.020568	15.602	16.219	42.564	58.956	79.034	1404.8	-0.10316	135.98	0.67790	liquid
483.43	30.000	48.484	0.020625	15.775	16.394	42.927	58.819	79.192	1398.4	-0.10066	134.54	0.67646	liquid
485.65	30.000	48.347	0.020684	15.949	16.570	43.290	58.684	79.355	1392.0	-0.098104	133.14	0.67498	liquid
487.86	30.000	48.209	0.020743	16.123	16.745	43.651	58.550	79.523	1385.5	-0.095489	131.77	0.67346	liquid
490.07	30.000	48.070	0.020803	16.298	16.922	44.011	58.418	79.695	1378.9	-0.092813	130.43	0.67190	liquid
492.29	30.000	47.929	0.020864	16.472	17.098	44.371	58.286	79.871	1372.2	-0.090076	129.11	0.67030	liquid
494.50	30.000	47.787	0.020926	16.647	17.275	44.729	58.156	80.052	1365.4	-0.087274	127.82	0.66866	liquid
496.71	30.000	47.644	0.020989	16.823	17.453	45.087	58.027	80.238	1358.6	-0.084406	126.56	0.66698	liquid
498.93	30.000	47.500	0.021053	16.999	17.630	45.444	57.899	80.428	1351.7	-0.081469	125.32	0.66527	liquid
501.14	30.000	47.354	0.021118	17.175	17.809	45.801	57.773	80.624	1344.7	-0.078462	124.11	0.66351	liquid
503.35	30.000	47.207	0.021183	17.352	17.987	46.157	57.647	80.825	1337.6	-0.075381	122.92	0.66171	liquid
505.57	30.000	47.058	0.021250	17.529	18.166	46.512	57.523	81.032	1330.4	-0.072223	121.75	0.65987	liquid
507.78	30.000	46.908	0.021318	17.706	18.346	46.866	57.401	81.244	1323.2	-0.068987	120.60	0.65800	liquid
509.99	30.000	46.757	0.021387	17.884	18.526	47.220	57.279	81.462	1315.9	-0.065668	119.47	0.65609	liquid
512.21	30.000	46.604	0.021457	18.063	18.707	47.573	57.159	81.686	1308.5	-0.062265	118.37	0.65413	liquid
514.42	30.000	46.449	0.021529	18.242	18.888	47.926	57.040	81.917	1301.0	-0.058773	117.28	0.65214	liquid
516.63	30.000	46.294	0.021601	18.421	19.069	48.278	56.922	82.154	1293.4	-0.055190	116.21	0.65011	liquid
518.85	30.000	46.136	0.021675	18.601	19.251	48.630	56.805	82.397	1285.8	-0.051512	115.16	0.64804	liquid
521.06	30.000	45.977	0.021750	18.782	19.434	48.981	56.690	82.648	1278.0	-0.047736	114.12	0.64594	liquid
523.27	30.000	45.816	0.021826	18.962	19.617	49.332	56.576	82.905	1270.2	-0.043857	113.10	0.64379	liquid
525.49	30.000	45.654	0.021904	19.144	19.801	49.683	56.463	83.171	1262.3	-0.039871	112.10	0.64161	liquid
527.70	30.000	45.490	0.021983	19.326	19.985	50.033	56.352	83.444	1254.3	-0.035774	111.11	0.63938	liquid
529.91	30.000	45.324	0.022063	19.509	20.170	50.383	56.242	83.725	1246.3	-0.031562	110.14	0.63712	liquid
532.13	30.000	45.157	0.022145	19.692	20.356	50.732	56.133	84.015	1238.1	-0.027229	109.18	0.63482	liquid
534.34	30.000	44.987	0.022229	19.876	20.542	51.082	56.026	84.313	1229.9	-0.022771	108.23	0.63248	liquid
536.55	30.000	44.816	0.022313	20.060	20.729	51.431	55.920	84.621	1221.6	-0.018183	107.30	0.63011	liquid
538.77	30.000	44.643	0.022400	20.245	20.917	51.780	55.815	84.938	1213.2	-0.013458	106.38	0.62769	liquid
540.98	30.000	44.468	0.022488	20.431	21.105	52.129	55.712	85.265	1204.7	-0.0085903	105.47	0.62523	liquid
543.19	30.000	44.291	0.022578	20.617	21.294	52.477	55.610	85.603	1196.1	-0.0035743	104.57	0.62274	liquid
545.41	30.000	44.112	0.022670	20.804	21.484	52.826	55.509	85.952	1187.4	0.0015972	103.68	0.62020	liquid
547.62	30.000	43.931	0.022763	20.992	21.675	53.175	55.410	86.312	1178.6	0.0069314	102.80	0.61763	liquid
549.83	30.000	43.747	0.022859	21.181	21.866	53.524	55.313	86.684	1169.8	0.012436	101.94	0.61501	liquid
552.05	30.000	43.562	0.022956	21.370	22.059	53.873	55.217	87.069	1160.8	0.018118	101.08	0.61236	liquid
554.26	30.000	43.374	0.023055	21.560	22.252	54.222	55.122	87.468	1151.8	0.023988	100.23	0.60966	liquid
556.48	30.000	43.184	0.023157	21.751	22.446	54.572	55.030	87.880	1142.7	0.030054	99.384	0.60692	liquid
558.69	30.000	42.991	0.023261	21.943	22.641	54.921	54.938	88.307	1133.4	0.036326	98.549	0.60414	liquid
560.90	30.000	42.796	0.023367	22.136	22.837	55.271	54.849	88.750	1124.1	0.042814	97.722	0.60132	liquid
563.12	30.000	42.599	0.023475	22.330	23.034	55.622	54.761	89.209	1114.6	0.049530	96.901	0.59846	liquid
565.33	30.000	42.398	0.023586	22.524	23.232	55.973	54.675	89.685	1105.1	0.056485	96.087	0.59556	liquid
567.54	30.000	42.195	0.023699	22.720	23.431	56.324	54.590	90.180	1095.4	0.063694	95.279	0.59261	liquid
569.76	30.000	41.989	0.023816	22.917	23.631	56.676	54.508	90.694	1085.7	0.071168	94.476	0.58962	liquid
571.97	30.000	41.781	0.023935	23.114	23.832	57.029	54.427	91.229	1075.8	0.078925	93.679	0.58658	liquid
574.18	30.000	41.569	0.024057	23.313	24.035	57.382	54.349	91.786	1065.8	0.086978	92.885	0.58350	liquid
576.40	30.000	41.354	0.024182	23.513	24.239	57.736	54.272	92.366	1055.7	0.095347	92.096	0.58037	liquid
578.61	30.000	41.135	0.024310	23.714	24.444	58.092	54.198	92.971	1045.5	0.10405	91.311	0.57720	liquid
580.82	30.000	40.914	0.024442	23.917	24.650	58.448	54.126	93.602	1035.2	0.11310	90.529	0.57398	liquid
583.04	30.000	40.688	0.024577	24.121	24.858	58.805	54.056	94.262	1024.7	0.12254	89.749	0.57071	liquid
585.25	30.000	40.460	0.024716	24.326	25.068	59.164	53.989	94.952	1014.1	0.13237	88.972	0.56739	liquid
587.46	30.000	40.227	0.024859	24.533	25.278	59.523	53.925	95.675	1003.4	0.14262	88.196	0.56402	liquid
589.68	30.000	39.990	0.025006	24.741	25.491	59.885	53.863	96.433	992.56	0.15333	87.422	0.56060	liquid
591.89	30.000	39.749	0.025158	24.951	25.705	60.247	53.803	97.228	981.57	0.16452	86.648	0.55712	liquid
594.10	30.000	39.504	0.025314	25.162	25.922	60.612	53.747	98.064	970.43	0.17623	85.875	0.55360	liquid
596.32	30.000	39.254	0.025475	25.375	26.140	60.978	53.694	98.944	959.15	0.18850	85.101	0.55001	liquid
598.53	30.000	38.999	0.025642	25.590	26.360	61.346	53.644	99.872	947.71	0.20136	84.326	0.54636	liquid
600.74	30.000	38.739	0.025814	25.807	26.582	61.717	53.598	100.85	936.11	0.21485	83.550	0.54266	liquid
602.96	30.000	38.474	0.025992	26.026	26.806	62.090	53.556	101.89	924.35	0.22904	82.771	0.53889	liquid
605.17	30.000	38.203	0.026176	26.247	27.033	62.465	53.517	102.98	912.43	0.24396	81.990	0.53506	liquid
607.38	30.000	37.926	0.026367	26.471	27.262	62.843	53.483	104.15	900.33	0.25969	81.205	0.53116	liquid
609.60	30.000	37.643	0.026566	26.697	27.494	63.224	53.453	105.39	888.04	0.27628	80.416	0.52720	liquid
611.81	30.000	37.353	0.026772	26.925	27.729	63.608	53.428	106.71	875.57	0.29382	79.622	0.52315	liquid
614.02	30.000	37.056	0.026986	27.157	27.966	63.996	53.409	108.12	862.90	0.31238	78.822	0.51904	liquid
616.24	30.000	36.751	0.027210	27.391	28.207	64.388	53.395	109.63	850.03	0.33206	78.015	0.51484	liquid
618.45	30.000	36.438	0.027444	27.628	28.452	64.784	53.387	111.25	836.94	0.35297	77.201	0.51055	liquid
620.66	30.000	36.117	0.027688	27.869	28.700	65.184	53.386	112.99	823.63	0.37522	76.377	0.50618	liquid
622.88	30.000	35.786	0.027944	28.114	28.952	65.590	53.392	114.88	810.08	0.39896	75.543	0.50171	liquid
625.09	30.000	35.445	0.028213	28.362	29.208	66.001	53.407	116.92	796.27	0.42434	74.698	0.49714	liquid
627.30	30.000	35.093	0.028495	28.615	29.470	66.418	53.430	119.15	782.21	0.45155	73.839	0.49247	liquid
629.52	30.000	34.730	0.028794	28.872	29.736	66.842	53.463	121.59	767.85	0.48081	72.966	0.48768	liquid
631.73	30.000	34.353	0.029110	29.135	30.008	67.273	53.507	124.27	753.19	0.51236	72.076	0.48277	liquid
633.94	30.000	33.962	0.029445	29.403	30.286	67.713	53.563	127.23	738.20	0.54652	71.167	0.47772	liquid
636.16	30.000	33.555	0.029802	29.678	30.572	68.162	53.633	130.53	722.85	0.58365	70.236	0.47253	liquid
638.37	30.000	33.131	0.030183	29.959	30.865	68.622	53.719	134.22	707.11	0.62416	69.281	0.46719	liquid
640.58	30.000	32.687	0.030593	30.248	31.166	69.094	53.824	138.39	690.94	0.66857	68.297	0.46168	liquid
642.80	30.000	32.221	0.031036	30.547	31.478	69.579	53.950	143.13	674.30	0.71750	67.280	0.45598	liquid
645.01	30.000	31.730	0.031516	30.855	31.800	70.080	54.101	148.57	657.16	0.77168	66.226	0.45007	liquid
647.22	30.000	31.210	0.032042	31.175	32.136	70.600	54.282	154.87	639.48	0.83197	65.127	0.44394	supercritical
649.44	30.000	30.656	0.032620	31.508	32.487	71.140	54.499	162.23	621.25	0.89938	63.976	0.43756	supercritical
651.65	30.000	30.064	0.033262	31.857	32.855	71.707	54.759	170.88	602.46	0.97512	62.765	0.43089	supercritical
653.86	30.000	29.426	0.033983	32.225	33.244	72.303	55.071	181.17	583.11	1.0606	61.482	0.42390	supercritical
656.08	30.000	28.735	0.034801	32.615	33.659	72.936	55.444	193.53	563.24	1.1578	60.114	0.41657	supercritical
658.29	30.000	27.980	0.035740	33.031	34.103	73.612	55.891	208.66	542.84	1.2691	58.646	0.40886	supercritical
660.50	30.000	27.147	0.036836	33.480	34.585	74.343	56.427	227.67	521.87	1.3986	57.056	0.40077	supercritical
662.72	30.000	26.218	0.038142	33.971	35.115	75.144	57.071	252.48	500.26	1.5519	55.314	0.39234	supercritical
664.93	30.000	25.163	0.039742	34.517	35.709	76.039	57.849	285.71	478.24	1.7354	53.377	0.38358	supercritical
667.15	30.000	23.949	0.041755	35.135	36.388	77.058	58.784	329.35	457.10	1.9513	51.199	0.37428	supercritical
669.36	30.000	22.556	0.044333	35.843	37.173	78.233	59.849	380.91	439.37	2.1918	48.762	0.36363	supercritical
671.57	30.000	21.007	0.047603	36.646	38.074	79.576	60.934	432.49	426.81	2.4469	46.134	0.35066	supercritical
673.79	30.000	19.363	0.051645	37.534	39.083	81.077	61.743	476.89	418.82	2.7234	43.449	0.33511	supercritical
676.00	30.000	17.740	0.056371	38.464	40.155	82.665	61.769	481.64	416.11	3.0005	40.916	0.31437	supercritical
678.21	30.000	16.312	0.061303	39.345	41.184	84.184	61.196	445.30	418.93	3.2332	38.809	0.29044	supercritical
680.43	30.000	15.125	0.066117	40.140	42.123	85.567	60.510	403.57	424.34	3.4252	37.163	0.26844	supercritical
682.64	30.000	14.145	0.070699	40.850	42.971	86.811	59.782	362.82	430.77	3.5814	35.890	0.24895	supercritical
684.85	30.000	13.335	0.074991	41.482	43.732	87.924	58.994	325.53	437.58	3.7061	34.907	0.23198	supercritical
687.07	30.000	12.660	0.078986	42.046	44.416	88.921	58.167	293.43	444.45	3.8055	34.143	0.21749	supercritical
689.28	30.000	12.091	0.082705	42.554	45.035	89.820	57.332	266.57	451.16	3.8853	33.541	0.20521	supercritical
691.49	30.000	11.604	0.086180	43.014	45.599	90.638	56.512	244.22	457.63	3.9498	33.062	0.19478	supercritical
693.71	30.000	11.180	0.089442	43.435	46.119	91.388	55.718	225.53	463.84	4.0021	32.675	0.18588	supercritical
695.92	30.000	10.809	0.092519	43.824	46.600	92.081	54.957	209.77	469.77	4.0446	32.361	0.17823	supercritical
698.13	30.000	10.478	0.095435	44.186	47.049	92.725	54.229	196.34	475.43	4.0792	32.104	0.17159	supercritical
700.35	30.000	10.182	0.098208	44.524	47.470	93.328	53.534	184.78	480.84	4.1071	31.893	0.16580	supercritical
702.56	30.000	9.9150	0.10086	44.842	47.868	93.895	52.872	174.74	486.02	4.1294	31.719	0.16072	supercritical
704.77	30.000	9.6717	0.10339	45.143	48.245	94.430	52.240	165.94	490.99	4.1471	31.575	0.15622	supercritical
706.99	30.000	9.4489	0.10583	45.428	48.603	94.938	51.637	158.16	495.75	4.1607	31.458	0.15221	supercritical
709.20	30.000	9.2438	0.10818	45.700	48.946	95.421	51.062	151.25	500.34	4.1708	31.362	0.14863	supercritical
711.41	30.000	9.0540	0.11045	45.960	49.273	95.883	50.512	145.06	504.76	4.1779	31.284	0.14542	supercritical
713.63	30.000	8.8777	0.11264	46.209	49.588	96.325	49.986	139.48	509.02	4.1823	31.222	0.14252	supercritical
715.84	30.000	8.7133	0.11477	46.448	49.891	96.749	49.483	134.43	513.14	4.1844	31.174	0.13989	supercritical
718.05	30.000	8.5593	0.11683	46.679	50.184	97.156	49.002	129.84	517.13	4.1843	31.138	0.13750	supercritical
720.27	30.000	8.4148	0.11884	46.901	50.466	97.550	48.540	125.65	521.00	4.1824	31.112	0.13532	supercritical
722.48	30.000	8.2786	0.12079	47.116	50.740	97.929	48.098	121.80	524.74	4.1788	31.095	0.13333	supercritical
724.69	30.000	8.1500	0.12270	47.325	51.006	98.296	47.674	118.26	528.38	4.1737	31.087	0.13150	supercritical
726.91	30.000	8.0283	0.12456	47.527	51.264	98.652	47.267	114.98	531.92	4.1672	31.086	0.12982	supercritical
729.12	30.000	7.9129	0.12638	47.724	51.515	98.997	46.876	111.95	535.37	4.1594	31.091	0.12828	supercritical
731.33	30.000	7.8031	0.12815	47.915	51.760	99.332	46.500	109.14	538.72	4.1506	31.102	0.12685	supercritical
733.55	30.000	7.6985	0.12989	48.101	51.998	99.657	46.139	106.51	541.99	4.1407	31.118	0.12553	supercritical
735.76	30.000	7.5988	0.13160	48.283	52.231	99.975	45.791	104.06	545.18	4.1299	31.139	0.12430	supercritical
737.97	30.000	7.5034	0.13327	48.461	52.459	100.28	45.457	101.77	548.30	4.1182	31.164	0.12317	supercritical
740.19	30.000	7.4121	0.13491	48.634	52.682	100.59	45.135	99.621	551.35	4.1057	31.194	0.12211	supercritical
742.40	30.000	7.3246	0.13653	48.804	52.900	100.88	44.825	97.601	554.32	4.0926	31.226	0.12113	supercritical
744.61	30.000	7.2406	0.13811	48.971	53.114	101.17	44.526	95.700	557.24	4.0787	31.262	0.12022	supercritical
746.83	30.000	7.1598	0.13967	49.134	53.324	101.45	44.238	93.907	560.09	4.0643	31.301	0.11937	supercritical
749.04	30.000	7.0821	0.14120	49.294	53.530	101.72	43.961	92.213	562.89	4.0493	31.343	0.11858	supercritical
751.25	30.000	7.0072	0.14271	49.451	53.732	101.99	43.693	90.612	565.63	4.0338	31.387	0.11784	supercritical
753.47	30.000	6.9350	0.14420	49.605	53.931	102.26	43.435	89.095	568.32	4.0178	31.433	0.11716	supercritical
755.68	30.000	6.8653	0.14566	49.757	54.126	102.52	43.185	87.656	570.96	4.0015	31.482	0.11651	supercritical
757.89	30.000	6.7979	0.14710	49.906	54.319	102.77	42.945	86.289	573.56	3.9847	31.532	0.11591	supercritical
760.11	30.000	6.7327	0.14853	50.053	54.509	103.02	42.712	84.990	576.10	3.9676	31.585	0.11535	supercritical
762.32	30.000	6.6696	0.14993	50.197	54.695	103.27	42.487	83.754	578.60	3.9501	31.639	0.11483	supercritical
764.53	30.000	6.6085	0.15132	50.340	54.879	103.51	42.270	82.575	581.06	3.9323	31.694	0.11434	supercritical
766.75	30.000	6.5492	0.15269	50.480	55.061	103.74	42.061	81.451	583.48	3.9143	31.751	0.11389	supercritical
768.96	30.000	6.4917	0.15404	50.619	55.240	103.98	41.858	80.378	585.87	3.8960	31.810	0.11346	supercritical
771.17	30.000	6.4358	0.15538	50.755	55.417	104.21	41.662	79.352	588.21	3.8775	31.869	0.11307	supercritical
773.39	30.000	6.3816	0.15670	50.890	55.591	104.43	41.472	78.371	590.52	3.8588	31.930	0.11270	supercritical
775.60	30.000	6.3288	0.15801	51.023	55.764	104.66	41.289	77.432	592.79	3.8399	31.992	0.11236	supercritical
777.82	30.000	6.2774	0.15930	51.155	55.934	104.88	41.111	76.532	595.03	3.8209	32.055	0.11204	supercritical
780.03	30.000	6.2275	0.16058	51.285	56.102	105.09	40.939	75.670	597.24	3.8017	32.119	0.11175	supercritical
782.24	30.000	6.1788	0.16184	51.414	56.269	105.31	40.773	74.842	599.42	3.7823	32.184	0.11147	supercritical
784.46	30.000	6.1313	0.16310	51.541	56.434	105.52	40.612	74.047	601.57	3.7629	32.250	0.11122	supercritical
786.67	30.000	6.0850	0.16434	51.667	56.597	105.72	40.456	73.284	603.68	3.7433	32.316	0.11099	supercritical
788.88	30.000	6.0399	0.16557	51.791	56.758	105.93	40.305	72.549	605.78	3.7237	32.383	0.11077	supercritical
791.10	30.000	5.9958	0.16678	51.915	56.918	106.13	40.159	71.843	607.84	3.7039	32.451	0.11058	supercritical
793.31	30.000	5.9528	0.16799	52.037	57.076	106.33	40.018	71.163	609.88	3.6842	32.520	0.11040	supercritical
795.52	30.000	5.9107	0.16918	52.158	57.233	106.53	39.881	70.508	611.89	3.6643	32.589	0.11023	supercritical
797.74	30.000	5.8697	0.17037	52.277	57.388	106.72	39.748	69.877	613.88	3.6444	32.659	0.11008	supercritical
799.95	30.000	5.8295	0.17154	52.396	57.542	106.92	39.619	69.269	615.84	3.6245	32.729	0.10995	supercritical
802.16	30.000	5.7902	0.17271	52.514	57.695	107.11	39.494	68.682	617.79	3.6046	32.800	0.10983	supercritical
804.38	30.000	5.7517	0.17386	52.631	57.846	107.29	39.373	68.115	619.71	3.5846	32.872	0.10972	supercritical
806.59	30.000	5.7141	0.17501	52.746	57.997	107.48	39.256	67.568	621.61	3.5647	32.944	0.10963	supercritical
808.80	30.000	5.6772	0.17614	52.861	58.146	107.67	39.142	67.040	623.48	3.5447	33.016	0.10955	supercritical
811.02	30.000	5.6411	0.17727	52.975	58.293	107.85	39.032	66.529	625.34	3.5247	33.089	0.10948	supercritical
813.23	30.000	5.6056	0.17839	53.088	58.440	108.03	38.926	66.036	627.18	3.5048	33.162	0.10942	supercritical
815.44	30.000	5.5709	0.17950	53.201	58.586	108.21	38.822	65.558	628.99	3.4849	33.235	0.10937	supercritical
817.66	30.000	5.5369	0.18061	53.312	58.730	108.38	38.722	65.096	630.79	3.4650	33.309	0.10934	supercritical
819.87	30.000	5.5035	0.18170	53.423	58.874	108.56	38.624	64.648	632.58	3.4451	33.383	0.10931	supercritical
822.08	30.000	5.4708	0.18279	53.533	59.017	108.73	38.530	64.215	634.34	3.4253	33.458	0.10929	supercritical
824.30	30.000	5.4386	0.18387	53.642	59.158	108.91	38.438	63.795	636.08	3.4055	33.533	0.10928	supercritical
826.51	30.000	5.4070	0.18494	53.751	59.299	109.08	38.349	63.389	637.81	3.3858	33.608	0.10929	supercritical
828.72	30.000	5.3760	0.18601	53.859	59.439	109.24	38.263	62.994	639.53	3.3661	33.683	0.10930	supercritical
830.94	30.000	5.3456	0.18707	53.966	59.578	109.41	38.180	62.612	641.22	3.3464	33.759	0.10931	supercritical
833.15	30.000	5.3156	0.18812	54.072	59.716	109.58	38.099	62.241	642.91	3.3269	33.835	0.10934	supercritical
835.36	30.000	5.2862	0.18917	54.178	59.853	109.74	38.020	61.881	644.57	3.3074	33.911	0.10937	supercritical
837.58	30.000	5.2573	0.19021	54.284	59.990	109.91	37.944	61.532	646.22	3.2879	33.987	0.10942	supercritical
839.79	30.000	5.2289	0.19125	54.388	60.126	110.07	37.870	61.193	647.86	3.2685	34.064	0.10946	supercritical
842.00	30.000	5.2009	0.19227	54.493	60.261	110.23	37.799	60.863	649.48	3.2492	34.140	0.10952	supercritical
844.22	30.000	5.1734	0.19330	54.596	60.395	110.39	37.729	60.544	651.09	3.2300	34.217	0.10958	supercritical
846.43	30.000	5.1464	0.19431	54.700	60.529	110.55	37.662	60.233	652.69	3.2109	34.294	0.10965	supercritical
848.64	30.000	5.1197	0.19532	54.802	60.662	110.70	37.597	59.931	654.27	3.1918	34.372	0.10973	supercritical
850.86	30.000	5.0935	0.19633	54.904	60.794	110.86	37.533	59.637	655.84	3.1728	34.449	0.10981	supercritical
853.07	30.000	5.0677	0.19733	55.006	60.926	111.01	37.472	59.351	657.40	3.1539	34.527	0.10990	supercritical
855.28	30.000	5.0422	0.19832	55.107	61.057	111.17	37.412	59.074	658.95	3.1351	34.604	0.10999	supercritical
857.50	30.000	5.0172	0.19931	55.208	61.187	111.32	37.355	58.803	660.48	3.1164	34.682	0.11009	supercritical
859.71	30.000	4.9925	0.20030	55.308	61.317	111.47	37.299	58.540	662.00	3.0977	34.760	0.11019	supercritical
861.92	30.000	4.9682	0.20128	55.408	61.447	111.62	37.244	58.285	663.51	3.0792	34.838	0.11030	supercritical
864.14	30.000	4.9443	0.20226	55.508	61.575	111.77	37.192	58.035	665.01	3.0607	34.916	0.11042	supercritical
866.35	30.000	4.9206	0.20323	55.607	61.703	111.92	37.141	57.793	666.50	3.0423	34.995	0.11054	supercritical
868.56	30.000	4.8974	0.20419	55.705	61.831	112.07	37.092	57.557	667.97	3.0241	35.073	0.11067	supercritical
870.78	30.000	4.8744	0.20515	55.804	61.958	112.21	37.044	57.327	669.44	3.0059	35.152	0.11079	supercritical
872.99	30.000	4.8518	0.20611	55.902	62.085	112.36	36.998	57.103	670.90	2.9878	35.230	0.11093	supercritical
875.20	30.000	4.8294	0.20706	55.999	62.211	112.50	36.953	56.884	672.34	2.9699	35.309	0.11107	supercritical
877.42	30.000	4.8074	0.20801	56.096	62.337	112.64	36.909	56.671	673.78	2.9520	35.388	0.11121	supercritical
879.63	30.000	4.7857	0.20896	56.193	62.462	112.79	36.867	56.464	675.21	2.9342	35.466	0.11136	supercritical
881.84	30.000	4.7642	0.20990	56.290	62.587	112.93	36.827	56.262	676.62	2.9165	35.545	0.11151	supercritical
884.06	30.000	4.7430	0.21083	56.386	62.711	113.07	36.787	56.065	678.03	2.8989	35.624	0.11167	supercritical
886.27	30.000	4.7222	0.21177	56.482	62.835	113.21	36.749	55.872	679.43	2.8815	35.703	0.11183	supercritical
888.49	30.000	4.7015	0.21270	56.577	62.958	113.35	36.713	55.685	680.82	2.8641	35.782	0.11199	supercritical
890.70	30.000	4.6812	0.21362	56.673	63.081	113.49	36.677	55.502	682.20	2.8468	35.862	0.11216	supercritical
892.91	30.000	4.6611	0.21454	56.768	63.204	113.62	36.643	55.324	683.57	2.8297	35.941	0.11233	supercritical
895.13	30.000	4.6412	0.21546	56.862	63.326	113.76	36.609	55.150	684.93	2.8126	36.020	0.11250	supercritical
897.34	30.000	4.6216	0.21638	56.957	63.448	113.90	36.577	54.980	686.29	2.7956	36.099	0.11268	supercritical
899.55	30.000	4.6022	0.21729	57.051	63.570	114.03	36.546	54.814	687.63	2.7788	36.179	0.11286	supercritical
901.77	30.000	4.5830	0.21820	57.145	63.691	114.17	36.516	54.652	688.97	2.7620	36.258	0.11304	supercritical
903.98	30.000	4.5641	0.21910	57.239	63.812	114.30	36.487	54.494	690.30	2.7454	36.338	0.11323	supercritical
906.19	30.000	4.5454	0.22000	57.332	63.932	114.43	36.460	54.340	691.63	2.7288	36.417	0.11342	supercritical
908.41	30.000	4.5270	0.22090	57.425	64.052	114.57	36.433	54.189	692.94	2.7124	36.497	0.11362	supercritical
910.62	30.000	4.5087	0.22179	57.518	64.172	114.70	36.407	54.042	694.25	2.6960	36.576	0.11381	supercritical
912.83	30.000	4.4906	0.22269	57.611	64.291	114.83	36.382	53.899	695.55	2.6798	36.656	0.11401	supercritical
915.05	30.000	4.4728	0.22357	57.703	64.411	114.96	36.358	53.758	696.84	2.6637	36.735	0.11421	supercritical
917.26	30.000	4.4551	0.22446	57.796	64.529	115.09	36.335	53.621	698.13	2.6476	36.815	0.11442	supercritical
919.47	30.000	4.4377	0.22534	57.888	64.648	115.22	36.313	53.488	699.41	2.6317	36.895	0.11463	supercritical
921.69	30.000	4.4204	0.22622	57.979	64.766	115.35	36.291	53.357	700.68	2.6159	36.974	0.11484	supercritical
923.90	30.000	4.4034	0.22710	58.071	64.884	115.47	36.271	53.229	701.94	2.6002	37.054	0.11505	supercritical
926.11	30.000	4.3865	0.22797	58.163	65.002	115.60	36.251	53.104	703.20	2.5845	37.134	0.11527	supercritical
928.33	30.000	4.3698	0.22885	58.254	65.119	115.73	36.232	52.982	704.45	2.5690	37.213	0.11548	supercritical
930.54	30.000	4.3532	0.22971	58.345	65.236	115.85	36.214	52.863	705.70	2.5536	37.293	0.11570	supercritical
932.75	30.000	4.3369	0.23058	58.436	65.353	115.98	36.197	52.746	706.94	2.5383	37.373	0.11593	supercritical
934.97	30.000	4.3207	0.23144	58.527	65.470	116.10	36.180	52.633	708.17	2.5231	37.453	0.11615	supercritical
937.18	30.000	4.3047	0.23230	58.617	65.586	116.23	36.165	52.521	709.39	2.5080	37.532	0.11638	supercritical
939.39	30.000	4.2888	0.23316	58.707	65.702	116.35	36.150	52.412	710.61	2.4930	37.612	0.11661	supercritical
941.61	30.000	4.2731	0.23402	58.798	65.818	116.48	36.135	52.306	711.83	2.4781	37.692	0.11684	supercritical
943.82	30.000	4.2576	0.23487	58.888	65.934	116.60	36.121	52.202	713.04	2.4632	37.772	0.11707	supercritical
946.03	30.000	4.2422	0.23572	58.978	66.049	116.72	36.108	52.100	714.24	2.4485	37.852	0.11731	supercritical
948.25	30.000	4.2270	0.23657	59.067	66.165	116.84	36.096	52.001	715.44	2.4339	37.931	0.11754	supercritical
950.46	30.000	4.2120	0.23742	59.157	66.280	116.96	36.084	51.903	716.63	2.4194	38.011	0.11778	supercritical
952.67	30.000	4.1970	0.23826	59.246	66.394	117.08	36.073	51.808	717.81	2.4050	38.091	0.11802	supercritical
954.89	30.000	4.1823	0.23911	59.336	66.509	117.20	36.063	51.715	718.99	2.3907	38.171	0.11827	supercritical
957.10	30.000	4.1676	0.23995	59.425	66.623	117.32	36.053	51.624	720.17	2.3764	38.250	0.11851	supercritical
959.31	30.000	4.1531	0.24078	59.514	66.737	117.44	36.044	51.535	721.34	2.3623	38.330	0.11876	supercritical
961.53	30.000	4.1388	0.24162	59.603	66.851	117.56	36.035	51.448	722.50	2.3483	38.410	0.11900	supercritical
963.74	30.000	4.1245	0.24245	59.692	66.965	117.68	36.027	51.363	723.66	2.3343	38.490	0.11925	supercritical
965.95	30.000	4.1104	0.24328	59.780	67.079	117.80	36.019	51.280	724.81	2.3205	38.570	0.11950	supercritical
968.17	30.000	4.0965	0.24411	59.869	67.192	117.91	36.012	51.199	725.96	2.3067	38.649	0.11975	supercritical
970.38	30.000	4.0827	0.24494	59.957	67.305	118.03	36.006	51.119	727.10	2.2931	38.729	0.11998	supercritical
972.59	30.000	4.0689	0.24576	60.046	67.418	118.15	36.000	51.041	728.24	2.2795	38.809	0.12024	supercritical
974.81	30.000	4.0554	0.24659	60.134	67.531	118.26	35.994	50.965	729.38	2.2661	38.889	0.12050	supercritical
977.02	30.000	4.0419	0.24741	60.222	67.644	118.38	35.989	50.891	730.50	2.2527	38.968	0.12077	supercritical
979.23	30.000	4.0286	0.24823	60.310	67.757	118.49	35.985	50.818	731.63	2.2394	39.048	0.12104	supercritical
981.45	30.000	4.0153	0.24904	60.398	67.869	118.61	35.981	50.746	732.75	2.2262	39.128	0.12131	supercritical
983.66	30.000	4.0022	0.24986	60.485	67.981	118.72	35.977	50.677	733.86	2.2131	39.207	0.12158	supercritical
985.87	30.000	3.9892	0.25067	60.573	68.093	118.84	35.974	50.608	734.97	2.2001	39.287	0.12185	supercritical
988.09	30.000	3.9764	0.25149	60.661	68.205	118.95	35.972	50.542	736.08	2.1872	39.367	0.12213	supercritical
990.30	30.000	3.9636	0.25230	60.748	68.317	119.06	35.969	50.476	737.18	2.1743	39.446	0.12240	supercritical
992.51	30.000	3.9509	0.25310	60.836	68.429	119.18	35.968	50.412	738.28	2.1616	39.526	0.12268	supercritical
994.73	30.000	3.9384	0.25391	60.923	68.540	119.29	35.966	50.350	739.37	2.1489	39.606	0.12296	supercritical
996.94	30.000	3.9259	0.25472	61.010	68.652	119.40	35.965	50.289	740.46	2.1363	39.685	0.12323	supercritical
999.16	30.000	3.9136	0.25552	61.097	68.763	119.51	35.965	50.229	741.54	2.1238	39.765	0.12352	supercritical
1001.4	30.000	3.9014	0.25632	61.184	68.874	119.62	35.965	50.171	742.62	2.1114	39.844	0.12380	supercritical
1003.6	30.000	3.8892	0.25712	61.271	68.985	119.73	35.965	50.113	743.70	2.0991	39.924	0.12408	supercritical
1005.8	30.000	3.8772	0.25792	61.358	69.096	119.84	35.966	50.057	744.77	2.0869	40.003	0.12436	supercritical
1008.0	30.000	3.8653	0.25872	61.445	69.207	119.95	35.967	50.003	745.84	2.0747	40.083	0.12465	supercritical
1010.2	30.000	3.8534	0.25951	61.532	69.317	120.06	35.968	49.949	746.90	2.0627	40.162	0.12494	supercritical
1012.4	30.000	3.8417	0.26030	61.619	69.428	120.17	35.970	49.897	747.96	2.0507	40.242	0.12522	supercritical
1014.6	30.000	3.8300	0.26110	61.705	69.538	120.28	35.972	49.846	749.02	2.0388	40.321	0.12551	supercritical
1016.9	30.000	3.8184	0.26189	61.792	69.648	120.39	35.975	49.796	750.07	2.0270	40.401	0.12580	supercritical
1019.1	30.000	3.8070	0.26268	61.878	69.759	120.50	35.977	49.747	751.12	2.0152	40.480	0.12609	supercritical
1021.3	30.000	3.7956	0.26346	61.965	69.869	120.61	35.981	49.699	752.16	2.0036	40.559	0.12639	supercritical
1023.5	30.000	3.7843	0.26425	62.051	69.979	120.71	35.984	49.652	753.20	1.9920	40.639	0.12668	supercritical
1025.7	30.000	3.7731	0.26503	62.137	70.088	120.82	35.988	49.606	754.24	1.9805	40.718	0.12697	supercritical
1027.9	30.000	3.7620	0.26582	62.224	70.198	120.93	35.992	49.562	755.27	1.9691	40.797	0.12727	supercritical
1030.1	30.000	3.7510	0.26660	62.310	70.308	121.03	35.996	49.518	756.30	1.9577	40.877	0.12756	supercritical
1032.4	30.000	3.7400	0.26738	62.396	70.417	121.14	36.001	49.475	757.33	1.9464	40.956	0.12786	supercritical
1034.6	30.000	3.7291	0.26816	62.482	70.527	121.25	36.006	49.433	758.35	1.9353	41.035	0.12816	supercritical
1036.8	30.000	3.7184	0.26894	62.568	70.636	121.35	36.011	49.392	759.37	1.9241	41.114	0.12846	supercritical
1039.0	30.000	3.7077	0.26971	62.654	70.745	121.46	36.017	49.352	760.39	1.9131	41.194	0.12876	supercritical
1041.2	30.000	3.6970	0.27049	62.740	70.855	121.56	36.023	49.313	761.40	1.9021	41.273	0.12906	supercritical
1043.4	30.000	3.6865	0.27126	62.826	70.964	121.67	36.029	49.275	762.41	1.8913	41.352	0.12936	supercritical
1045.6	30.000	3.6760	0.27203	62.912	71.073	121.77	36.035	49.238	763.42	1.8804	41.431	0.12966	supercritical
1047.8	30.000	3.6656	0.27280	62.998	71.182	121.88	36.042	49.202	764.42	1.8697	41.510	0.12996	supercritical
1050.1	30.000	3.6553	0.27357	63.083	71.291	121.98	36.049	49.166	765.42	1.8590	41.589	0.13027	supercritical
1052.3	30.000	3.6451	0.27434	63.169	71.399	122.08	36.056	49.131	766.42	1.8484	41.668	0.13057	supercritical
1054.5	30.000	3.6349	0.27511	63.255	71.508	122.19	36.064	49.097	767.41	1.8379	41.747	0.13088	supercritical
1056.7	30.000	3.6248	0.27588	63.340	71.617	122.29	36.072	49.064	768.40	1.8275	41.826	0.13119	supercritical
1058.9	30.000	3.6148	0.27664	63.426	71.725	122.39	36.079	49.032	769.39	1.8171	41.905	0.13149	supercritical
1061.1	30.000	3.6048	0.27741	63.512	71.834	122.49	36.088	49.000	770.37	1.8068	41.984	0.13180	supercritical
1063.3	30.000	3.5949	0.27817	63.597	71.942	122.60	36.096	48.970	771.35	1.7965	42.063	0.13211	supercritical
1065.6	30.000	3.5851	0.27893	63.683	72.051	122.70	36.105	48.939	772.33	1.7863	42.142	0.13242	supercritical
1067.8	30.000	3.5754	0.27969	63.768	72.159	122.80	36.114	48.910	773.31	1.7762	42.221	0.13273	supercritical
1070.0	30.000	3.5657	0.28045	63.854	72.267	122.90	36.123	48.881	774.28	1.7662	42.300	0.13304	supercritical
1072.2	30.000	3.5561	0.28121	63.939	72.375	123.00	36.132	48.853	775.25	1.7562	42.378	0.13335	supercritical
1074.4	30.000	3.5465	0.28197	64.024	72.483	123.10	36.142	48.826	776.21	1.7463	42.457	0.13367	supercritical
1076.6	30.000	3.5370	0.28272	64.110	72.591	123.20	36.151	48.800	777.18	1.7365	42.536	0.13398	supercritical
1078.8	30.000	3.5276	0.28348	64.195	72.699	123.30	36.161	48.774	778.14	1.7267	42.615	0.13429	supercritical
1081.1	30.000	3.5183	0.28423	64.280	72.807	123.40	36.171	48.748	779.10	1.7170	42.693	0.13461	supercritical
1083.3	30.000	3.5090	0.28498	64.366	72.915	123.50	36.182	48.724	780.05	1.7074	42.772	0.13492	supercritical
1085.5	30.000	3.4997	0.28573	64.451	73.023	123.60	36.192	48.700	781.00	1.6978	42.850	0.13524	supercritical
1087.7	30.000	3.4906	0.28649	64.536	73.131	123.70	36.203	48.676	781.95	1.6883	42.929	0.13555	supercritical
1089.9	30.000	3.4815	0.28724	64.621	73.238	123.80	36.214	48.653	782.90	1.6788	43.008	0.13587	supercritical
1092.1	30.000	3.4724	0.28798	64.707	73.346	123.90	36.225	48.631	783.84	1.6695	43.086	0.13619	supercritical
1094.3	30.000	3.4634	0.28873	64.792	73.454	124.00	36.236	48.610	784.78	1.6601	43.165	0.13651	supercritical
1096.5	30.000	3.4545	0.28948	64.877	73.561	124.10	36.248	48.589	785.72	1.6509	43.243	0.13683	supercritical
1098.8	30.000	3.4456	0.29022	64.962	73.669	124.19	36.259	48.568	786.66	1.6417	43.322	0.13715	supercritical
1101.0	30.000	3.4368	0.29097	65.047	73.776	124.29	36.271	48.548	787.59	1.6325	43.400	0.13747	supercritical
1103.2	30.000	3.4280	0.29171	65.132	73.884	124.39	36.283	48.529	788.52	1.6235	43.478	0.13779	supercritical
1105.4	30.000	3.4193	0.29246	65.217	73.991	124.49	36.295	48.510	789.45	1.6144	43.557	0.13811	supercritical
1107.6	30.000	3.4107	0.29320	65.303	74.098	124.58	36.307	48.492	790.38	1.6055	43.635	0.13843	supercritical
1109.8	30.000	3.4021	0.29394	65.388	74.206	124.68	36.320	48.474	791.30	1.5966	43.713	0.13875	supercritical
1112.0	30.000	3.3935	0.29468	65.473	74.313	124.78	36.332	48.456	792.22	1.5877	43.792	0.13907	supercritical
1114.3	30.000	3.3850	0.29542	65.558	74.420	124.87	36.345	48.440	793.14	1.5790	43.870	0.13940	supercritical
1116.5	30.000	3.3766	0.29616	65.643	74.527	124.97	36.358	48.423	794.06	1.5702	43.948	0.13972	supercritical
1118.7	30.000	3.3682	0.29689	65.728	74.635	125.06	36.371	48.408	794.97	1.5616	44.026	0.14004	supercritical
1120.9	30.000	3.3599	0.29763	65.813	74.742	125.16	36.384	48.392	795.88	1.5530	44.104	0.14037	supercritical
1123.1	30.000	3.3516	0.29837	65.898	74.849	125.26	36.398	48.377	796.79	1.5444	44.182	0.14069	supercritical
1125.3	30.000	3.3434	0.29910	65.983	74.956	125.35	36.411	48.363	797.70	1.5359	44.260	0.14102	supercritical
1127.5	30.000	3.3352	0.29983	66.068	75.063	125.45	36.425	48.349	798.61	1.5275	44.338	0.14135	supercritical
1129.7	30.000	3.3270	0.30057	66.153	75.170	125.54	36.438	48.335	799.51	1.5191	44.416	0.14167	supercritical
1132.0	30.000	3.3189	0.30130	66.238	75.277	125.64	36.452	48.322	800.41	1.5107	44.494	0.14200	supercritical
1134.2	30.000	3.3109	0.30203	66.323	75.384	125.73	36.466	48.310	801.31	1.5025	44.572	0.14233	supercritical
1136.4	30.000	3.3029	0.30276	66.408	75.491	125.82	36.480	48.297	802.20	1.4942	44.650	0.14265	supercritical
1138.6	30.000	3.2950	0.30349	66.493	75.598	125.92	36.494	48.286	803.09	1.4861	44.728	0.14298	supercritical
1140.8	30.000	3.2871	0.30422	66.578	75.705	126.01	36.509	48.274	803.99	1.4779	44.806	0.14331	supercritical
1143.0	30.000	3.2792	0.30495	66.663	75.811	126.11	36.523	48.263	804.87	1.4699	44.884	0.14364	supercritical
1145.2	30.000	3.2714	0.30568	66.748	75.918	126.20	36.538	48.253	805.76	1.4619	44.961	0.14397	supercritical
1147.5	30.000	3.2637	0.30640	66.833	76.025	126.29	36.553	48.242	806.65	1.4539	45.039	0.14430	supercritical
1149.7	30.000	3.2560	0.30713	66.918	76.132	126.38	36.567	48.233	807.53	1.4460	45.117	0.14463	supercritical
1151.9	30.000	3.2483	0.30786	67.003	76.239	126.48	36.582	48.223	808.41	1.4381	45.195	0.14496	supercritical
1154.1	30.000	3.2407	0.30858	67.088	76.345	126.57	36.597	48.214	809.29	1.4303	45.272	0.14529	supercritical
1156.3	30.000	3.2331	0.30930	67.173	76.452	126.66	36.613	48.205	810.16	1.4226	45.350	0.14562	supercritical
1158.5	30.000	3.2255	0.31003	67.258	76.559	126.75	36.628	48.197	811.04	1.4148	45.427	0.14595	supercritical
1160.7	30.000	3.2180	0.31075	67.343	76.665	126.85	36.643	48.189	811.91	1.4072	45.505	0.14629	supercritical
1162.9	30.000	3.2106	0.31147	67.428	76.772	126.94	36.659	48.181	812.78	1.3996	45.582	0.14662	supercritical
1165.2	30.000	3.2032	0.31219	67.513	76.879	127.03	36.674	48.174	813.65	1.3920	45.660	0.14695	supercritical
1167.4	30.000	3.1958	0.31291	67.598	76.985	127.12	36.690	48.167	814.52	1.3845	45.737	0.14728	supercritical
1169.6	30.000	3.1885	0.31363	67.683	77.092	127.21	36.706	48.160	815.38	1.3770	45.815	0.14762	supercritical
1171.8	30.000	3.1812	0.31435	67.768	77.198	127.30	36.721	48.154	816.24	1.3696	45.892	0.14795	supercritical
1174.0	30.000	3.1739	0.31507	67.853	77.305	127.39	36.737	48.148	817.10	1.3622	45.969	0.14828	supercritical
1176.2	30.000	3.1667	0.31578	67.938	77.412	127.49	36.753	48.142	817.96	1.3549	46.047	0.14862	supercritical
1178.4	30.000	3.1595	0.31650	68.023	77.518	127.58	36.769	48.137	818.82	1.3476	46.124	0.14895	supercritical
1180.7	30.000	3.1524	0.31722	68.108	77.625	127.67	36.786	48.132	819.67	1.3404	46.201	0.14929	supercritical
1182.9	30.000	3.1453	0.31793	68.193	77.731	127.76	36.802	48.127	820.53	1.3332	46.278	0.14962	supercritical
1185.1	30.000	3.1383	0.31865	68.278	77.838	127.85	36.818	48.123	821.38	1.3260	46.356	0.14996	supercritical
1187.3	30.000	3.1313	0.31936	68.363	77.944	127.94	36.835	48.118	822.23	1.3189	46.433	0.15029	supercritical
1189.5	30.000	3.1243	0.32007	68.448	78.051	128.03	36.851	48.115	823.07	1.3119	46.510	0.15063	supercritical
1191.7	30.000	3.1173	0.32079	68.534	78.157	128.12	36.868	48.111	823.92	1.3049	46.587	0.15097	supercritical
1193.9	30.000	3.1104	0.32150	68.619	78.264	128.20	36.885	48.108	824.76	1.2979	46.664	0.15130	supercritical
1196.1	30.000	3.1036	0.32221	68.704	78.370	128.29	36.901	48.105	825.61	1.2910	46.741	0.15164	supercritical
1198.4	30.000	3.0967	0.32292	68.789	78.477	128.38	36.918	48.102	826.45	1.2841	46.818	0.15198	supercritical
1200.6	30.000	3.0899	0.32363	68.874	78.583	128.47	36.935	48.099	827.29	1.2773	46.895	0.15231	supercritical
1202.8	30.000	3.0832	0.32434	68.959	78.690	128.56	36.952	48.097	828.12	1.2705	46.972	0.15265	supercritical
1205.0	30.000	3.0764	0.32505	69.045	78.796	128.65	36.969	48.095	828.96	1.2637	47.049	0.15299	supercritical
1207.2	30.000	3.0698	0.32576	69.130	78.902	128.74	36.986	48.093	829.79	1.2570	47.125	0.15333	supercritical
1209.4	30.000	3.0631	0.32647	69.215	79.009	128.82	37.003	48.092	830.62	1.2503	47.202	0.15367	supercritical
1211.6	30.000	3.0565	0.32717	69.300	79.115	128.91	37.020	48.091	831.45	1.2437	47.279	0.15400	supercritical
1213.9	30.000	3.0499	0.32788	69.385	79.222	129.00	37.038	48.090	832.28	1.2371	47.356	0.15434	supercritical
1216.1	30.000	3.0433	0.32859	69.471	79.328	129.09	37.055	48.089	833.11	1.2306	47.432	0.15468	supercritical
1218.3	30.000	3.0368	0.32929	69.556	79.435	129.18	37.073	48.088	833.93	1.2241	47.509	0.15502	supercritical
1220.5	30.000	3.0303	0.33000	69.641	79.541	129.26	37.090	48.088	834.76	1.2176	47.586	0.15536	supercritical
1222.7	30.000	3.0239	0.33070	69.727	79.648	129.35	37.108	48.088	835.58	1.2112	47.662	0.15570	supercritical
1224.9	30.000	3.0175	0.33140	69.812	79.754	129.44	37.125	48.088	836.40	1.2048	47.739	0.15604	supercritical
1227.1	30.000	3.0111	0.33211	69.897	79.860	129.52	37.143	48.089	837.22	1.1984	47.815	0.15638	supercritical
1229.3	30.000	3.0047	0.33281	69.983	79.967	129.61	37.161	48.089	838.03	1.1921	47.892	0.15672	supercritical
1231.6	30.000	2.9984	0.33351	70.068	80.073	129.70	37.178	48.090	838.85	1.1858	47.968	0.15706	supercritical
1233.8	30.000	2.9921	0.33421	70.153	80.180	129.78	37.196	48.091	839.66	1.1796	48.045	0.15740	supercritical
1236.0	30.000	2.9858	0.33492	70.239	80.286	129.87	37.214	48.092	840.47	1.1734	48.121	0.15774	supercritical
1238.2	30.000	2.9796	0.33562	70.324	80.393	129.96	37.232	48.094	841.28	1.1673	48.197	0.15808	supercritical
1240.4	30.000	2.9734	0.33632	70.410	80.499	130.04	37.250	48.095	842.09	1.1611	48.274	0.15842	supercritical
1242.6	30.000	2.9672	0.33702	70.495	80.606	130.13	37.268	48.097	842.90	1.1551	48.350	0.15876	supercritical
1244.8	30.000	2.9611	0.33771	70.581	80.712	130.21	37.286	48.099	843.71	1.1490	48.426	0.15910	supercritical
1247.1	30.000	2.9550	0.33841	70.666	80.818	130.30	37.304	48.101	844.51	1.1430	48.503	0.15945	supercritical
1249.3	30.000	2.9489	0.33911	70.752	80.925	130.38	37.322	48.104	845.31	1.1370	48.579	0.15979	supercritical
1251.5	30.000	2.9428	0.33981	70.837	81.031	130.47	37.340	48.106	846.12	1.1311	48.655	0.16013	supercritical
1253.7	30.000	2.9368	0.34051	70.923	81.138	130.55	37.358	48.109	846.92	1.1252	48.731	0.16047	supercritical
1255.9	30.000	2.9308	0.34120	71.008	81.244	130.64	37.377	48.112	847.71	1.1193	48.807	0.16081	supercritical
1258.1	30.000	2.9248	0.34190	71.094	81.351	130.72	37.395	48.115	848.51	1.1135	48.883	0.16116	supercritical
1260.3	30.000	2.9189	0.34259	71.180	81.457	130.81	37.413	48.119	849.31	1.1077	48.959	0.16150	supercritical
1262.5	30.000	2.9130	0.34329	71.265	81.564	130.89	37.432	48.122	850.10	1.1019	49.035	0.16184	supercritical
1264.8	30.000	2.9071	0.34398	71.351	81.670	130.98	37.450	48.126	850.89	1.0962	49.111	0.16218	supercritical
1267.0	30.000	2.9013	0.34468	71.437	81.777	131.06	37.469	48.130	851.69	1.0905	49.187	0.16253	supercritical
1269.2	30.000	2.8954	0.34537	71.522	81.883	131.14	37.487	48.134	852.48	1.0848	49.263	0.16287	supercritical
1271.4	30.000	2.8896	0.34606	71.608	81.990	131.23	37.506	48.138	853.26	1.0792	49.338	0.16321	supercritical
1273.6	30.000	2.8839	0.34676	71.694	82.097	131.31	37.524	48.142	854.05	1.0736	49.414	0.16355	supercritical
1275.8	30.000	2.8781	0.34745	71.780	82.203	131.40	37.543	48.147	854.84	1.0680	49.490	0.16390	supercritical
1278.0	30.000	2.8724	0.34814	71.866	82.310	131.48	37.562	48.151	855.62	1.0625	49.566	0.16424	supercritical
1280.3	30.000	2.8667	0.34883	71.951	82.416	131.56	37.580	48.156	856.41	1.0570	49.641	0.16458	supercritical
1282.5	30.000	2.8610	0.34952	72.037	82.523	131.65	37.599	48.161	857.19	1.0515	49.717	0.16493	supercritical
1284.7	30.000	2.8554	0.35021	72.123	82.630	131.73	37.618	48.166	857.97	1.0461	49.793	0.16527	supercritical
1286.9	30.000	2.8498	0.35090	72.209	82.736	131.81	37.636	48.171	858.75	1.0407	49.868	0.16562	supercritical
1289.1	30.000	2.8442	0.35159	72.295	82.843	131.89	37.655	48.177	859.52	1.0353	49.944	0.16596	supercritical
1291.3	30.000	2.8386	0.35228	72.381	82.949	131.98	37.674	48.182	860.30	1.0300	50.019	0.16630	supercritical
1293.5	30.000	2.8331	0.35297	72.467	83.056	132.06	37.693	48.188	861.08	1.0247	50.095	0.16665	supercritical
1295.8	30.000	2.8276	0.35366	72.553	83.163	132.14	37.712	48.194	861.85	1.0194	50.170	0.16699	supercritical
1298.0	30.000	2.8221	0.35435	72.639	83.269	132.22	37.730	48.200	862.62	1.0142	50.246	0.16734	supercritical
1300.2	30.000	2.8166	0.35503	72.725	83.376	132.31	37.749	48.206	863.39	1.0090	50.321	0.16768	supercritical
1302.4	30.000	2.8112	0.35572	72.811	83.483	132.39	37.768	48.212	864.16	1.0038	50.396	0.16803	supercritical
1304.6	30.000	2.8058	0.35641	72.897	83.590	132.47	37.787	48.218	864.93	0.99863	50.472	0.16837	supercritical
1306.8	30.000	2.8004	0.35709	72.983	83.696	132.55	37.806	48.225	865.70	0.99350	50.547	0.16871	supercritical
1309.0	30.000	2.7950	0.35778	73.070	83.803	132.63	37.825	48.231	866.47	0.98841	50.622	0.16906	supercritical
1311.2	30.000	2.7897	0.35846	73.156	83.910	132.72	37.844	48.238	867.23	0.98334	50.697	0.16940	supercritical
1313.5	30.000	2.7844	0.35915	73.242	84.017	132.80	37.863	48.245	868.00	0.97831	50.772	0.16975	supercritical
1315.7	30.000	2.7791	0.35983	73.328	84.123	132.88	37.882	48.252	868.76	0.97330	50.848	0.17009	supercritical
1317.9	30.000	2.7738	0.36052	73.415	84.230	132.96	37.901	48.259	869.52	0.96832	50.923	0.17044	supercritical
1320.1	30.000	2.7685	0.36120	73.501	84.337	133.04	37.920	48.266	870.28	0.96337	50.998	0.17078	supercritical
1322.3	30.000	2.7633	0.36189	73.587	84.444	133.12	37.940	48.273	871.04	0.95845	51.073	0.17113	supercritical
1324.5	30.000	2.7581	0.36257	73.674	84.551	133.20	37.959	48.281	871.80	0.95355	51.148	0.17147	supercritical
1326.7	30.000	2.7529	0.36325	73.760	84.658	133.28	37.978	48.288	872.55	0.94869	51.223	0.17182	supercritical
1329.0	30.000	2.7478	0.36393	73.846	84.764	133.36	37.997	48.296	873.31	0.94385	51.298	0.17216	supercritical
1331.2	30.000	2.7426	0.36462	73.933	84.871	133.44	38.016	48.304	874.06	0.93904	51.372	0.17251	supercritical
1333.4	30.000	2.7375	0.36530	74.019	84.978	133.52	38.035	48.312	874.81	0.93425	51.447	0.17285	supercritical
1335.6	30.000	2.7324	0.36598	74.106	85.085	133.60	38.054	48.320	875.57	0.92949	51.522	0.17320	supercritical
1337.8	30.000	2.7273	0.36666	74.192	85.192	133.68	38.074	48.328	876.32	0.92476	51.597	0.17355	supercritical
1340.0	30.000	2.7223	0.36734	74.279	85.299	133.76	38.093	48.336	877.07	0.92006	51.672	0.17389	supercritical
1342.2	30.000	2.7172	0.36802	74.366	85.406	133.84	38.112	48.344	877.81	0.91538	51.746	0.17424	supercritical
1344.4	30.000	2.7122	0.36870	74.452	85.513	133.92	38.131	48.353	878.56	0.91073	51.821	0.17458	supercritical
1346.7	30.000	2.7073	0.36938	74.539	85.620	134.00	38.151	48.361	879.31	0.90611	51.896	0.17493	supercritical
1348.9	30.000	2.7023	0.37006	74.625	85.727	134.08	38.170	48.370	880.05	0.90151	51.970	0.17527	supercritical
1351.1	30.000	2.6973	0.37074	74.712	85.834	134.16	38.189	48.378	880.80	0.89694	undefined	undefined	supercritical
1353.3	30.000	2.6924	0.37141	74.799	85.941	134.24	38.208	48.387	881.54	0.89239	undefined	undefined	supercritical
1355.5	30.000	2.6875	0.37209	74.886	86.048	134.32	38.228	48.396	882.28	0.88787	undefined	undefined	supercritical
1357.7	30.000	2.6826	0.37277	74.973	86.156	134.40	38.247	48.405	883.02	0.88337	undefined	undefined	supercritical
1359.9	30.000	2.6778	0.37345	75.059	86.263	134.48	38.266	48.414	883.76	0.87890	undefined	undefined	supercritical
1362.2	30.000	2.6729	0.37412	75.146	86.370	134.56	38.285	48.423	884.50	0.87445	undefined	undefined	supercritical
1364.4	30.000	2.6681	0.37480	75.233	86.477	134.63	38.305	48.432	885.24	0.87003	undefined	undefined	supercritical
1366.6	30.000	2.6633	0.37548	75.320	86.584	134.71	38.324	48.441	885.97	0.86563	undefined	undefined	supercritical
1368.8	30.000	2.6585	0.37615	75.407	86.692	134.79	38.343	48.451	886.71	0.86126	undefined	undefined	supercritical
1371.0	30.000	2.6537	0.37683	75.494	86.799	134.87	38.363	48.460	887.44	0.85691	undefined	undefined	supercritical
1373.2	30.000	2.6490	0.37750	75.581	86.906	134.95	38.382	48.470	888.18	0.85258	undefined	undefined	supercritical
1375.4	30.000	2.6443	0.37818	75.668	87.013	135.03	38.401	48.479	888.91	0.84828	undefined	undefined	supercritical
1377.6	30.000	2.6395	0.37885	75.755	87.121	135.10	38.421	48.489	889.64	0.84400	undefined	undefined	supercritical
1379.9	30.000	2.6349	0.37953	75.842	87.228	135.18	38.440	48.499	890.37	0.83975	undefined	undefined	supercritical
1382.1	30.000	2.6302	0.38020	75.929	87.335	135.26	38.459	48.508	891.10	0.83552	undefined	undefined	supercritical
1384.3	30.000	2.6255	0.38087	76.017	87.443	135.34	38.479	48.518	891.83	0.83131	undefined	undefined	supercritical
1386.5	30.000	2.6209	0.38155	76.104	87.550	135.41	38.498	48.528	892.55	0.82712	undefined	undefined	supercritical
1388.7	30.000	2.6163	0.38222	76.191	87.658	135.49	38.517	48.538	893.28	0.82296	undefined	undefined	supercritical
1390.9	30.000	2.6117	0.38289	76.278	87.765	135.57	38.537	48.548	894.00	0.81882	undefined	undefined	supercritical
1393.1	30.000	2.6071	0.38357	76.366	87.873	135.65	38.556	48.559	894.73	0.81471	undefined	undefined	supercritical
1395.4	30.000	2.6026	0.38424	76.453	87.980	135.72	38.575	48.569	895.45	0.81061	undefined	undefined	supercritical
1397.6	30.000	2.5980	0.38491	76.540	88.088	135.80	38.595	48.579	896.17	0.80654	undefined	undefined	supercritical
1399.8	30.000	2.5935	0.38558	76.628	88.195	135.88	38.614	48.590	896.89	0.80249	undefined	undefined	supercritical
1402.0	30.000	2.5890	0.38625	76.715	88.303	135.95	38.633	48.600	897.61	0.79846	undefined	undefined	supercritical
1404.2	30.000	2.5845	0.38692	76.802	88.410	136.03	38.653	48.611	898.33	0.79445	undefined	undefined	supercritical
1406.4	30.000	2.5800	0.38759	76.890	88.518	136.11	38.672	48.621	899.05	0.79047	undefined	undefined	supercritical
1408.6	30.000	2.5756	0.38826	76.977	88.625	136.18	38.691	48.632	899.77	0.78650	undefined	undefined	supercritical
1410.8	30.000	2.5711	0.38893	77.065	88.733	136.26	38.711	48.642	900.48	0.78256	undefined	undefined	supercritical
1413.1	30.000	2.5667	0.38960	77.153	88.841	136.34	38.730	48.653	901.20	0.77864	undefined	undefined	supercritical
1415.3	30.000	2.5623	0.39027	77.240	88.948	136.41	38.749	48.664	901.91	0.77474	undefined	undefined	supercritical
1417.5	30.000	2.5579	0.39094	77.328	89.056	136.49	38.769	48.675	902.63	0.77086	undefined	undefined	supercritical
1419.7	30.000	2.5535	0.39161	77.416	89.164	136.56	38.788	48.686	903.34	0.76700	undefined	undefined	supercritical
1421.9	30.000	2.5492	0.39228	77.503	89.272	136.64	38.807	48.697	904.05	0.76316	undefined	undefined	supercritical
1424.1	30.000	2.5449	0.39295	77.591	89.380	136.72	38.826	48.708	904.76	0.75934	undefined	undefined	supercritical
1426.3	30.000	2.5405	0.39362	77.679	89.487	136.79	38.846	48.719	905.47	0.75554	undefined	undefined	supercritical
1428.6	30.000	2.5362	0.39429	77.767	89.595	136.87	38.865	48.730	906.18	0.75176	undefined	undefined	supercritical
1430.8	30.000	2.5319	0.39495	77.854	89.703	136.94	38.884	48.741	906.88	0.74801	undefined	undefined	supercritical
1433.0	30.000	2.5277	0.39562	77.942	89.811	137.02	38.904	48.753	907.59	0.74427	undefined	undefined	supercritical
1435.2	30.000	2.5234	0.39629	78.030	89.919	137.09	38.923	48.764	908.30	0.74055	undefined	undefined	supercritical
1437.4	30.000	2.5192	0.39695	78.118	90.027	137.17	38.942	48.775	909.00	0.73685	undefined	undefined	supercritical
1439.6	30.000	2.5150	0.39762	78.206	90.135	137.24	38.961	48.787	909.71	0.73317	undefined	undefined	supercritical
1441.8	30.000	2.5108	0.39829	78.294	90.243	137.32	38.981	48.798	910.41	0.72951	undefined	undefined	supercritical
1444.0	30.000	2.5066	0.39895	78.382	90.351	137.39	39.000	48.810	911.11	0.72587	undefined	undefined	supercritical
1446.3	30.000	2.5024	0.39962	78.470	90.459	137.47	39.019	48.821	911.81	0.72225	undefined	undefined	supercritical
1448.5	30.000	2.4982	0.40028	78.558	90.567	137.54	39.038	48.833	912.51	0.71864	undefined	undefined	supercritical
1450.7	30.000	2.4941	0.40095	78.647	90.675	137.62	39.057	48.844	913.21	0.71506	undefined	undefined	supercritical
1452.9	30.000	2.4900	0.40161	78.735	90.783	137.69	39.077	48.856	913.91	0.71150	undefined	undefined	supercritical
1455.1	30.000	2.4858	0.40228	78.823	90.891	137.77	39.096	48.868	914.61	0.70795	undefined	undefined	supercritical
1457.3	30.000	2.4817	0.40294	78.911	90.999	137.84	39.115	48.880	915.31	0.70442	undefined	undefined	supercritical
1459.5	30.000	2.4777	0.40361	78.999	91.108	137.91	39.134	48.891	916.00	0.70091	undefined	undefined	supercritical
1461.8	30.000	2.4736	0.40427	79.088	91.216	137.99	39.153	48.903	916.70	0.69742	undefined	undefined	supercritical
1464.0	30.000	2.4695	0.40493	79.176	91.324	138.06	39.172	48.915	917.39	0.69394	undefined	undefined	supercritical
1466.2	30.000	2.4655	0.40560	79.265	91.432	138.14	39.192	48.927	918.09	0.69049	undefined	undefined	supercritical
1468.4	30.000	2.4615	0.40626	79.353	91.541	138.21	39.211	48.939	918.78	0.68705	undefined	undefined	supercritical
1470.6	30.000	2.4575	0.40692	79.441	91.649	138.28	39.230	48.951	919.47	0.68363	undefined	undefined	supercritical
1472.8	30.000	2.4535	0.40759	79.530	91.757	138.36	39.249	48.963	920.16	0.68023	undefined	undefined	supercritical
1475.0	30.000	2.4495	0.40825	79.618	91.866	138.43	39.268	48.975	920.85	0.67684	undefined	undefined	supercritical
1477.2	30.000	2.4455	0.40891	79.707	91.974	138.51	39.287	48.987	921.54	0.67347	undefined	undefined	supercritical
1479.5	30.000	2.4416	0.40957	79.795	92.083	138.58	39.306	48.999	922.23	0.67012	undefined	undefined	supercritical
1481.7	30.000	2.4376	0.41023	79.884	92.191	138.65	39.325	49.011	922.92	0.66679	undefined	undefined	supercritical
1483.9	30.000	2.4337	0.41090	79.973	92.300	138.72	39.344	49.024	923.61	0.66347	undefined	undefined	supercritical
1486.1	30.000	2.4298	0.41156	80.061	92.408	138.80	39.363	49.036	924.29	0.66017	undefined	undefined	supercritical
1488.3	30.000	2.4259	0.41222	80.150	92.517	138.87	39.382	49.048	924.98	0.65689	undefined	undefined	supercritical
1490.5	30.000	2.4220	0.41288	80.239	92.625	138.94	39.401	49.061	925.66	0.65362	undefined	undefined	supercritical
1492.7	30.000	2.4181	0.41354	80.328	92.734	139.02	39.420	49.073	926.35	0.65037	undefined	undefined	supercritical
1495.0	30.000	2.4143	0.41420	80.417	92.843	139.09	39.439	49.085	927.03	0.64714	undefined	undefined	supercritical
1497.2	30.000	2.4104	0.41486	80.505	92.951	139.16	39.458	49.098	927.71	0.64392	undefined	undefined	supercritical
1499.4	30.000	2.4066	0.41552	80.594	93.060	139.23	39.477	49.110	928.39	0.64072	undefined	undefined	supercritical
1501.6	30.000	2.4028	0.41618	80.683	93.169	139.31	39.496	49.123	929.07	0.63754	undefined	undefined	supercritical
1503.8	30.000	2.3990	0.41684	80.772	93.277	139.38	39.515	49.135	929.75	0.63437	undefined	undefined	supercritical
1506.0	30.000	2.3952	0.41750	80.861	93.386	139.45	39.534	49.148	930.43	0.63122	undefined	undefined	supercritical
1508.2	30.000	2.3914	0.41816	80.950	93.495	139.52	39.552	49.160	931.11	0.62808	undefined	undefined	supercritical
1510.5	30.000	2.3877	0.41882	81.039	93.604	139.60	39.571	49.173	931.79	0.62496	undefined	undefined	supercritical
1512.7	30.000	2.3839	0.41948	81.128	93.713	139.67	39.590	49.185	932.47	0.62185	undefined	undefined	supercritical
1514.9	30.000	2.3802	0.42013	81.217	93.821	139.74	39.609	49.198	933.14	0.61876	undefined	undefined	supercritical
1517.1	30.000	2.3765	0.42079	81.307	93.930	139.81	39.628	49.210	933.82	0.61569	undefined	undefined	supercritical
1519.3	30.000	2.3728	0.42145	81.396	94.039	139.88	39.647	49.223	934.49	0.61263	undefined	undefined	supercritical
1521.5	30.000	2.3691	0.42211	81.485	94.148	139.96	39.665	49.236	935.16	0.60958	undefined	undefined	supercritical
1523.7	30.000	2.3654	0.42277	81.574	94.257	140.03	39.684	49.249	935.84	0.60656	undefined	undefined	supercritical
1525.9	30.000	2.3617	0.42342	81.664	94.366	140.10	39.703	49.261	936.51	0.60354	undefined	undefined	supercritical
1528.2	30.000	2.3580	0.42408	81.753	94.475	140.17	39.722	49.274	937.18	0.60054	undefined	undefined	supercritical
1530.4	30.000	2.3544	0.42474	81.842	94.584	140.24	39.740	49.287	937.85	0.59756	undefined	undefined	supercritical
1532.6	30.000	2.3508	0.42539	81.932	94.694	140.31	39.759	49.300	938.52	0.59459	undefined	undefined	supercritical
1534.8	30.000	2.3471	0.42605	82.021	94.803	140.38	39.778	49.312	939.19	0.59163	undefined	undefined	supercritical
1537.0	30.000	2.3435	0.42671	82.111	94.912	140.45	39.796	49.325	939.86	0.58869	undefined	undefined	supercritical
1539.2	30.000	2.3399	0.42736	82.200	95.021	140.53	39.815	49.338	940.53	0.58577	undefined	undefined	supercritical
1541.4	30.000	2.3363	0.42802	82.290	95.130	140.60	39.834	49.351	941.20	0.58286	undefined	undefined	supercritical
1543.7	30.000	2.3328	0.42868	82.379	95.239	140.67	39.852	49.364	941.86	0.57996	undefined	undefined	supercritical
1545.9	30.000	2.3292	0.42933	82.469	95.349	140.74	39.871	49.377	942.53	0.57708	undefined	undefined	supercritical
1548.1	30.000	2.3257	0.42999	82.558	95.458	140.81	39.889	49.390	943.19	0.57421	undefined	undefined	supercritical
1550.3	30.000	2.3221	0.43064	82.648	95.567	140.88	39.908	49.403	943.86	0.57135	undefined	undefined	supercritical
1552.5	30.000	2.3186	0.43130	82.738	95.677	140.95	39.926	49.416	944.52	0.56851	undefined	undefined	supercritical
1554.7	30.000	2.3151	0.43195	82.828	95.786	141.02	39.945	49.429	945.18	0.56568	undefined	undefined	supercritical
1556.9	30.000	2.3116	0.43261	82.917	95.896	141.09	39.963	49.442	945.85	0.56287	undefined	undefined	supercritical
1559.1	30.000	2.3081	0.43326	83.007	96.005	141.16	39.982	49.455	946.51	0.56007	undefined	undefined	supercritical
1561.4	30.000	2.3046	0.43392	83.097	96.114	141.23	40.000	49.468	947.17	0.55728	undefined	undefined	supercritical
1563.6	30.000	2.3011	0.43457	83.187	96.224	141.30	40.019	49.481	947.83	0.55451	undefined	undefined	supercritical
1565.8	30.000	2.2977	0.43522	83.277	96.334	141.37	40.037	49.494	948.49	0.55175	undefined	undefined	supercritical
1568.0	30.000	2.2942	0.43588	83.367	96.443	141.44	40.055	49.507	949.15	0.54901	undefined	undefined	supercritical
1570.2	30.000	2.2908	0.43653	83.457	96.553	141.51	40.074	49.520	949.81	0.54627	undefined	undefined	supercritical
1572.4	30.000	2.2874	0.43718	83.547	96.662	141.58	40.092	49.533	950.46	0.54355	undefined	undefined	supercritical
1574.6	30.000	2.2840	0.43784	83.637	96.772	141.65	40.110	49.546	951.12	0.54085	undefined	undefined	supercritical
1576.9	30.000	2.2806	0.43849	83.727	96.882	141.72	40.129	49.559	951.78	0.53815	undefined	undefined	supercritical
1579.1	30.000	2.2772	0.43914	83.817	96.991	141.79	40.147	49.572	952.43	0.53547	undefined	undefined	supercritical
1581.3	30.000	2.2738	0.43980	83.907	97.101	141.86	40.165	49.585	953.09	0.53280	undefined	undefined	supercritical
1583.5	30.000	2.2704	0.44045	83.997	97.211	141.93	40.183	49.599	953.74	0.53015	undefined	undefined	supercritical
1585.7	30.000	2.2671	0.44110	84.088	97.321	142.00	40.202	49.612	954.39	0.52751	undefined	undefined	supercritical
1587.9	30.000	2.2637	0.44175	84.178	97.430	142.07	40.220	49.625	955.05	0.52488	undefined	undefined	supercritical
1590.1	30.000	2.2604	0.44240	84.268	97.540	142.14	40.238	49.638	955.70	0.52226	undefined	undefined	supercritical
1592.3	30.000	2.2570	0.44306	84.359	97.650	142.20	40.256	49.651	956.35	0.51965	undefined	undefined	supercritical
1594.6	30.000	2.2537	0.44371	84.449	97.760	142.27	40.274	49.665	957.00	0.51706	undefined	undefined	supercritical
1596.8	30.000	2.2504	0.44436	84.539	97.870	142.34	40.292	49.678	957.65	0.51448	undefined	undefined	supercritical
1599.0	30.000	2.2471	0.44501	84.630	97.980	142.41	40.311	49.691	958.30	0.51191	undefined	undefined	supercritical
1601.2	30.000	2.2439	0.44566	84.720	98.090	142.48	40.329	49.704	958.95	0.50935	undefined	undefined	supercritical