
Temperature (K)	Pressure (MPa)	Density (mol/l)	Volume (l/mol)	Internal Energy (kJ/mol)	Enthalpy (kJ/mol)	Entropy (J/mol*K)	Cv (J/mol*K)	Cp (J/mol*K)	Sound Spd. (m/s)	Joule-Thomson (K/MPa)	Viscosity (uPa*s)	Therm. Cond. (W/m*K)	Surf. Tension (N/m)	Phase
273.16000	0.00061165477	55.496955	0.018019007	-1.5169266e-12	1.1021410e-05	-5.3169446e-12	75.978165	76.022837	1402.2721	-0.24142135	1791.3579	0.55559854	0.075646271	liquid
273.78323	0.00063991746	55.499112	0.018018306	0.047367507	0.047379038	0.17320822	75.953412	75.984753	1405.3917	-0.24081370	1753.1229	0.55718473	0.075559081	liquid
274.40645	0.00066933117	55.500884	0.018017731	0.094711829	0.094723889	0.34593802	75.927912	75.948422	1408.4660	-0.24021394	1716.1773	0.55874926	0.075471661	liquid
275.02968	0.00069993645	55.502280	0.018017278	0.14203403	0.14204664	0.51819545	75.901686	75.913760	1411.4954	-0.23962182	1680.4624	0.56029275	0.075384010	liquid
275.65291	0.00073177435	55.503308	0.018016944	0.18933513	0.18934831	0.68998632	75.874755	75.880687	1414.4806	-0.23903712	1645.9229	0.56181576	0.075296129	liquid
276.27613	0.00076488710	55.503975	0.018016728	0.23661609	0.23662987	0.86131626	75.847136	75.849127	1417.4221	-0.23845961	1612.5066	0.56331883	0.075208019	liquid
276.89936	0.00079931909	55.504288	0.018016626	0.28387783	0.28389223	1.0321907	75.818850	75.819010	1420.3203	-0.23788908	1580.1643	0.56480251	0.075119679	liquid
277.52259	0.00083511483	55.504255	0.018016637	0.33112123	0.33113628	1.2026147	75.789912	75.790269	1423.1759	-0.23732532	1548.8492	0.56626729	0.075031110	liquid
278.14581	0.00087232030	55.503882	0.018016758	0.37834714	0.37836285	1.3725935	75.760341	75.762843	1425.9893	-0.23676814	1518.5174	0.56771365	0.074942311	liquid
278.76904	0.00091098302	55.503175	0.018016987	0.42555634	0.42557275	1.5421319	75.730152	75.736672	1428.7610	-0.23621733	1489.1271	0.56914206	0.074853285	liquid
279.39227	0.00095115176	55.502141	0.018017323	0.47274960	0.47276674	1.7112346	75.699359	75.711701	1431.4916	-0.23567272	1460.6388	0.57055296	0.074764030	liquid
280.01549	0.00099287700	55.500786	0.018017763	0.51992766	0.51994555	1.8799062	75.667979	75.687876	1434.1815	-0.23513412	1433.0149	0.57194678	0.074674546	liquid
280.63872	0.0010362090	55.499116	0.018018305	0.56709122	0.56710989	2.0481509	75.636024	75.665148	1436.8312	-0.23460136	1406.2200	0.57332393	0.074584835	liquid
281.26195	0.0010812013	55.497135	0.018018948	0.61424093	0.61426041	2.2159733	75.603509	75.643471	1439.4412	-0.23407428	1380.2204	0.57468480	0.074494897	liquid
281.88517	0.0011279081	55.494851	0.018019690	0.66137745	0.66139777	2.3833773	75.570445	75.622798	1442.0118	-0.23355271	1354.9841	0.57602976	0.074404731	liquid
282.50840	0.0011763845	55.492267	0.018020529	0.70850138	0.70852258	2.5503670	75.536845	75.603089	1444.5437	-0.23303650	1330.4808	0.57735919	0.074314338	liquid
283.13163	0.0012266876	55.489390	0.018021463	0.75561332	0.75563543	2.7169463	75.502721	75.584303	1447.0371	-0.23252550	1306.6815	0.57867342	0.074223719	liquid
283.75485	0.0012788759	55.486224	0.018022492	0.80271383	0.80273688	2.8831190	75.468084	75.566401	1449.4926	-0.23201956	1283.5588	0.57997279	0.074132873	liquid
284.37808	0.0013330098	55.482773	0.018023612	0.84980344	0.84982746	3.0488887	75.432943	75.549348	1451.9106	-0.23151855	1261.0867	0.58125762	0.074041801	liquid
285.00131	0.0013891504	55.479043	0.018024824	0.89688267	0.89690771	3.2142592	75.397311	75.533109	1454.2914	-0.23102233	1239.2403	0.58252821	0.073950504	liquid
285.62453	0.0014473607	55.475037	0.018026126	0.94395202	0.94397812	3.3792337	75.361195	75.517650	1456.6354	-0.23053077	1217.9959	0.58378487	0.073858981	liquid
286.24776	0.0015077056	55.470761	0.018027515	0.99101198	0.99103916	3.5438158	75.324607	75.502941	1458.9432	-0.23004374	1197.3310	0.58502788	0.073767232	liquid
286.87099	0.0015702515	55.466218	0.018028992	1.0380630	1.0380913	3.7080088	75.287553	75.488952	1461.2150	-0.22956113	1177.2242	0.58625752	0.073675259	liquid
287.49421	0.0016350661	55.461413	0.018030554	1.0851055	1.0851350	3.8718158	75.250044	75.475654	1463.4513	-0.22908280	1157.6550	0.58747403	0.073583061	liquid
288.11744	0.0017022190	55.456349	0.018032200	1.1321399	1.1321706	4.0352400	75.212088	75.463021	1465.6524	-0.22860866	1138.6039	0.58867769	0.073490638	liquid
288.74067	0.0017717816	55.451031	0.018033930	1.1791666	1.1791986	4.1982845	75.173691	75.451025	1467.8187	-0.22813859	1120.0521	0.58986873	0.073397992	liquid
289.36389	0.0018438269	55.445461	0.018035741	1.2261861	1.2262193	4.3609522	75.134863	75.439643	1469.9506	-0.22767248	1101.9820	0.59104738	0.073305121	liquid
289.98712	0.0019184297	55.439645	0.018037634	1.2731986	1.2732332	4.5232460	75.095611	75.428850	1472.0484	-0.22721023	1084.3765	0.59221388	0.073212027	liquid
290.61035	0.0019956669	55.433584	0.018039606	1.3202046	1.3202406	4.6851689	75.055940	75.418624	1474.1125	-0.22675175	1067.2195	0.59336843	0.073118710	liquid
291.23357	0.0020756162	55.427283	0.018041656	1.3672044	1.3672418	4.8467236	75.015860	75.408943	1476.1432	-0.22629692	1050.4953	0.59451125	0.073025170	liquid
291.85680	0.0021583588	55.420745	0.018043785	1.4141983	1.4142372	5.0079127	74.975375	75.399787	1478.1409	-0.22584567	1034.1892	0.59564255	0.072931408	liquid
292.48003	0.0022439760	55.413973	0.018045990	1.4611866	1.4612271	5.1687390	74.934493	75.391135	1480.1060	-0.22539789	1018.2869	0.59676250	0.072837423	liquid
293.10325	0.0023325527	55.406971	0.018048271	1.5081697	1.5082118	5.3292051	74.893219	75.382970	1482.0386	-0.22495350	1002.7748	0.59787130	0.072743216	liquid
293.72648	0.0024241740	55.399741	0.018050626	1.5551479	1.5551916	5.4893134	74.851561	75.375271	1483.9393	-0.22451241	987.63997	0.59896914	0.072648787	liquid
294.34971	0.0025189286	55.392286	0.018053055	1.6021213	1.6021668	5.6490666	74.809523	75.368023	1485.8082	-0.22407454	972.86989	0.60005618	0.072554136	liquid
294.97293	0.0026169061	55.384610	0.018055557	1.6490904	1.6491377	5.8084669	74.767111	75.361207	1487.6458	-0.22363981	958.45261	0.60113258	0.072459265	liquid
295.59616	0.0027181988	55.376714	0.018058132	1.6960554	1.6961045	5.9675169	74.724332	75.354810	1489.4523	-0.22320813	944.37669	0.60219852	0.072364173	liquid
296.21939	0.0028229005	55.368603	0.018060777	1.7430165	1.7430675	6.1262188	74.681190	75.348814	1491.2280	-0.22277944	930.63114	0.60325415	0.072268860	liquid
296.84261	0.0029311073	55.360278	0.018063493	1.7899740	1.7900269	6.2845749	74.637690	75.343205	1492.9733	-0.22235366	917.20543	0.60429961	0.072173326	liquid
297.46584	0.0030429181	55.351743	0.018066279	1.8369281	1.8369830	6.4425875	74.593839	75.337970	1494.6884	-0.22193071	904.08944	0.60533505	0.072077573	liquid
298.08907	0.0031584327	55.342999	0.018069133	1.8838790	1.8839361	6.6002588	74.549640	75.333095	1496.3737	-0.22151052	891.27347	0.60636061	0.071981600	liquid
298.71229	0.0032777542	55.334049	0.018072055	1.9308270	1.9308862	6.7575909	74.505100	75.328566	1498.0294	-0.22109302	878.74819	0.60737643	0.071885408	liquid
299.33552	0.0034009874	55.324896	0.018075045	1.9777722	1.9778337	6.9145860	74.460222	75.324372	1499.6558	-0.22067815	866.50467	0.60838263	0.071788997	liquid
299.95875	0.0035282391	55.315542	0.018078102	2.0247150	2.0247788	7.0712462	74.415013	75.320501	1501.2532	-0.22026584	854.53428	0.60937934	0.071692366	liquid
300.58197	0.0036596191	55.305989	0.018081224	2.0716554	2.0717216	7.2275734	74.369475	75.316940	1502.8219	-0.21985603	842.82875	0.61036668	0.071595518	liquid
301.20520	0.0037952391	55.296240	0.018084412	2.1185937	2.1186623	7.3835698	74.323615	75.313681	1504.3622	-0.21944864	831.38014	0.61134477	0.071498451	liquid
301.82843	0.0039352132	55.286296	0.018087665	2.1655300	2.1656012	7.5392372	74.277437	75.310711	1505.8743	-0.21904363	820.18079	0.61231372	0.071401166	liquid
302.45165	0.0040796574	55.276161	0.018090982	2.2124645	2.2125383	7.6945777	74.230945	75.308021	1507.3586	-0.21864093	809.22334	0.61327364	0.071303664	liquid
303.07488	0.0042286915	55.265835	0.018094362	2.2593975	2.2594740	7.8495931	74.184143	75.305601	1508.8152	-0.21824048	798.50070	0.61422463	0.071205944	liquid
303.69811	0.0043824361	55.255321	0.018097804	2.3063290	2.3064083	8.0042853	74.137037	75.303443	1510.2444	-0.21784223	788.00605	0.61516680	0.071108008	liquid
304.32133	0.0045410154	55.244622	0.018101310	2.3532592	2.3533414	8.1586562	74.089631	75.301537	1511.6465	-0.21744612	777.73282	0.61610025	0.071009854	liquid
304.94456	0.0047045556	55.233738	0.018104876	2.4001883	2.4002735	8.3127076	74.041928	75.299876	1513.0218	-0.21705209	767.67467	0.61702506	0.070911485	liquid
305.56779	0.0048731857	55.222673	0.018108504	2.4471164	2.4472046	8.4664413	73.993934	75.298450	1514.3705	-0.21666009	757.82551	0.61794133	0.070812899	liquid
306.19101	0.0050470370	55.211427	0.018112193	2.4940437	2.4941351	8.6198590	73.945652	75.297253	1515.6929	-0.21627007	748.17945	0.61884916	0.070714098	liquid
306.81424	0.0052262437	55.200002	0.018115941	2.5409703	2.5410650	8.7729625	73.897087	75.296277	1516.9892	-0.21588197	738.73082	0.61974862	0.070615081	liquid
307.43747	0.0054109425	55.188401	0.018119749	2.5878963	2.5879944	8.9257535	73.848243	75.295515	1518.2596	-0.21549575	729.47415	0.62063980	0.070515849	liquid
308.06069	0.0056012727	55.176625	0.018123617	2.6348219	2.6349234	9.0782337	73.799125	75.294961	1519.5044	-0.21511136	720.40417	0.62152279	0.070416402	liquid
308.68392	0.0057973767	55.164676	0.018127542	2.6817472	2.6818523	9.2304047	73.749735	75.294607	1520.7238	-0.21472874	711.51578	0.62239765	0.070316741	liquid
309.30715	0.0059993989	55.152556	0.018131526	2.7286723	2.7287811	9.3822683	73.700079	75.294449	1521.9181	-0.21434785	702.80405	0.62326446	0.070216865	liquid
309.93037	0.0062074875	55.140265	0.018135567	2.7755974	2.7757100	9.5338260	73.650161	75.294479	1523.0874	-0.21396865	694.26426	0.62412331	0.070116776	liquid
310.55360	0.0064217925	55.127806	0.018139666	2.8225225	2.8226390	9.6850794	73.599985	75.294694	1524.2321	-0.21359108	685.89180	0.62497425	0.070016472	liquid
311.17683	0.0066424674	55.115181	0.018143821	2.8694478	2.8695683	9.8360302	73.549554	75.295086	1525.3524	-0.21321510	677.68225	0.62581736	0.069915956	liquid
311.80005	0.0068696683	55.102390	0.018148033	2.9163734	2.9164981	9.9866798	73.498874	75.295652	1526.4484	-0.21284066	669.63133	0.62665270	0.069815227	liquid
312.42328	0.0071035543	55.089435	0.018152301	2.9632993	2.9634283	10.137030	73.447947	75.296386	1527.5204	-0.21246773	661.73489	0.62748034	0.069714285	liquid
313.04651	0.0073442874	55.076318	0.018156624	3.0102258	3.0103591	10.287082	73.396778	75.297285	1528.5687	-0.21209626	653.98895	0.62830035	0.069613131	liquid
313.66973	0.0075920326	55.063041	0.018161002	3.0571528	3.0572907	10.436837	73.345372	75.298342	1529.5933	-0.21172620	646.38962	0.62911277	0.069511764	liquid
314.29296	0.0078469578	55.049604	0.018165435	3.1040805	3.1042230	10.586297	73.293731	75.299556	1530.5946	-0.21135752	638.93317	0.62991768	0.069410186	liquid
314.91619	0.0081092345	55.036009	0.018169922	3.1510090	3.1511563	10.735464	73.241861	75.300921	1531.5727	-0.21099017	631.61597	0.63071512	0.069308397	liquid
315.53941	0.0083790363	55.022257	0.018174464	3.1979383	3.1980906	10.884339	73.189764	75.302434	1532.5279	-0.21062412	624.43452	0.63150516	0.069206397	liquid
316.16264	0.0086565403	55.008349	0.018179058	3.2448686	3.2450260	11.032923	73.137445	75.304092	1533.4604	-0.21025932	617.38543	0.63228785	0.069104185	liquid
316.78587	0.0089419275	54.994288	0.018183707	3.2918000	3.2919626	11.181217	73.084909	75.305890	1534.3703	-0.20989574	610.46540	0.63306324	0.069001764	liquid
317.40909	0.0092353810	54.980074	0.018188408	3.3387325	3.3389004	11.329224	73.032158	75.307827	1535.2579	-0.20953333	603.67127	0.63383138	0.068899132	liquid
318.03232	0.0095370876	54.965708	0.018193161	3.3856662	3.3858397	11.476944	72.979198	75.309899	1536.1233	-0.20917206	596.99994	0.63459232	0.068796291	liquid
318.65555	0.0098472374	54.951192	0.018197967	3.4326012	3.4327804	11.624379	72.926031	75.312103	1536.9668	-0.20881189	590.44843	0.63534611	0.068693240	liquid
319.27877	0.010166024	54.936527	0.018202825	3.4795376	3.4797226	11.771531	72.872662	75.314438	1537.7886	-0.20845279	584.01384	0.63609280	0.068589980	liquid
319.90200	0.010493643	54.921713	0.018207735	3.5264754	3.5266665	11.918399	72.819094	75.316899	1538.5888	-0.20809471	577.69338	0.63683243	0.068486511	liquid
320.52523	0.010830295	54.906753	0.018212696	3.5734148	3.5736121	12.064987	72.765332	75.319485	1539.3676	-0.20773762	571.48432	0.63756505	0.068382833	liquid
321.14845	0.011176183	54.891647	0.018217708	3.6203558	3.6205594	12.211296	72.711380	75.322194	1540.1252	-0.20738150	565.38402	0.63829070	0.068278948	liquid
321.77168	0.011531513	54.876396	0.018222771	3.6672985	3.6675086	12.357326	72.657241	75.325024	1540.8619	-0.20702629	559.38992	0.63900942	0.068174854	liquid
322.39491	0.011896497	54.861002	0.018227884	3.7142430	3.7144598	12.503078	72.602918	75.327973	1541.5777	-0.20667197	553.49955	0.63972126	0.068070553	liquid
323.01813	0.012271347	54.845466	0.018233048	3.7611892	3.7614130	12.648555	72.548417	75.331040	1542.2728	-0.20631850	547.71049	0.64042625	0.067966045	liquid
323.64136	0.012656281	54.829787	0.018238261	3.8081374	3.8083683	12.793758	72.493741	75.334221	1542.9475	-0.20596585	542.02041	0.64112443	0.067861330	liquid
324.26459	0.013051519	54.813969	0.018243525	3.8550876	3.8553257	12.938687	72.438894	75.337517	1543.6019	-0.20561398	536.42703	0.64181585	0.067756408	liquid
324.88781	0.013457285	54.798011	0.018248838	3.9020398	3.9022854	13.083344	72.383879	75.340926	1544.2362	-0.20526287	530.92816	0.64250053	0.067651281	liquid
325.51104	0.013873807	54.781914	0.018254200	3.9489941	3.9492474	13.227731	72.328700	75.344446	1544.8506	-0.20491248	525.52166	0.64317852	0.067545947	liquid
326.13427	0.014301316	54.765680	0.018259611	3.9959506	3.9962118	13.371848	72.273361	75.348077	1545.4451	-0.20456278	520.20544	0.64384985	0.067440408	liquid
326.75749	0.014740048	54.749310	0.018265070	4.0429094	4.0431786	13.515696	72.217866	75.351817	1546.0201	-0.20421373	514.97749	0.64451456	0.067334664	liquid
327.38072	0.015190240	54.732804	0.018270579	4.0898705	4.0901480	13.659278	72.162218	75.355665	1546.5755	-0.20386531	509.83584	0.64517267	0.067228714	liquid
328.00395	0.015652137	54.716163	0.018276135	4.1368339	4.1371200	13.802594	72.106422	75.359620	1547.1117	-0.20351749	504.77859	0.64582423	0.067122560	liquid
328.62717	0.016125983	54.699388	0.018281740	4.1837998	4.1840946	13.945646	72.050481	75.363683	1547.6288	-0.20317023	499.80389	0.64646927	0.067016202	liquid
329.25040	0.016612029	54.682480	0.018287393	4.2307682	4.2310720	14.088434	71.994398	75.367851	1548.1269	-0.20282350	494.90994	0.64710781	0.066909640	liquid
329.87363	0.017110528	54.665441	0.018293093	4.2777392	4.2780522	14.230959	71.938178	75.372125	1548.6062	-0.20247728	490.09497	0.64773989	0.066802875	liquid
330.49685	0.017621738	54.648270	0.018298841	4.3247128	4.3250353	14.373224	71.881823	75.376504	1549.0668	-0.20213153	485.35730	0.64836554	0.066695906	liquid
331.12008	0.018145921	54.630968	0.018304636	4.3716891	4.3720213	14.515229	71.825338	75.380987	1549.5089	-0.20178623	480.69526	0.64898478	0.066588735	liquid
331.74331	0.018683342	54.613537	0.018310479	4.4186682	4.4190103	14.656975	71.768727	75.385575	1549.9326	-0.20144135	476.10723	0.64959766	0.066481361	liquid
332.36653	0.019234271	54.595978	0.018316368	4.4656502	4.4660025	14.798464	71.711992	75.390267	1550.3382	-0.20109685	471.59166	0.65020419	0.066373784	liquid
332.98976	0.019798979	54.578290	0.018322304	4.5126350	4.5129977	14.939697	71.655137	75.395062	1550.7256	-0.20075272	467.14700	0.65080441	0.066266006	liquid
333.61299	0.020377746	54.560475	0.018328286	4.5596227	4.5599962	15.080674	71.598167	75.399961	1551.0952	-0.20040891	462.77179	0.65139834	0.066158027	liquid
334.23621	0.020970852	54.542533	0.018334315	4.6066135	4.6069980	15.221397	71.541083	75.404963	1551.4470	-0.20006541	458.46456	0.65198601	0.066049846	liquid
334.85944	0.021578582	54.524466	0.018340390	4.6536074	4.6540031	15.361867	71.483891	75.410069	1551.7811	-0.19972219	454.22392	0.65256744	0.065941464	liquid
335.48267	0.022201227	54.506274	0.018346512	4.7006044	4.7010117	15.502086	71.426593	75.415279	1552.0977	-0.19937922	450.04848	0.65314267	0.065832882	liquid
336.10589	0.022839079	54.487958	0.018352679	4.7476046	4.7480237	15.642053	71.369193	75.420592	1552.3970	-0.19903647	445.93692	0.65371172	0.065724100	liquid
336.72912	0.023492436	54.469518	0.018358892	4.7946080	4.7950393	15.781771	71.311694	75.426009	1552.6790	-0.19869391	441.88792	0.65427461	0.065615118	liquid
337.35235	0.024161600	54.450955	0.018365151	4.8416148	4.8420586	15.921241	71.254099	75.431530	1552.9439	-0.19835153	437.90023	0.65483137	0.065505936	liquid
337.97557	0.024846877	54.432270	0.018371455	4.8886250	4.8890815	16.060463	71.196413	75.437156	1553.1919	-0.19800929	433.97261	0.65538202	0.065396556	liquid
338.59880	0.025548577	54.413463	0.018377805	4.9356387	4.9361082	16.199439	71.138638	75.442886	1553.4231	-0.19766717	430.10384	0.65592659	0.065286976	liquid
339.22203	0.026267016	54.394536	0.018384200	4.9826558	4.9831387	16.338170	71.080778	75.448721	1553.6375	-0.19732514	426.29276	0.65646510	0.065177199	liquid
339.84525	0.027002511	54.375488	0.018390640	5.0296766	5.0301732	16.476657	71.022835	75.454661	1553.8354	-0.19698317	422.53823	0.65699757	0.065067223	liquid
340.46848	0.027755385	54.356321	0.018397125	5.0767010	5.0772116	16.614901	70.964814	75.460708	1554.0168	-0.19664125	418.83912	0.65752403	0.064957049	liquid
341.09171	0.028525967	54.337034	0.018403654	5.1237291	5.1242540	16.752903	70.906718	75.466860	1554.1819	-0.19629935	415.19436	0.65804451	0.064846678	liquid
341.71493	0.029314588	54.317630	0.018410229	5.1707609	5.1713006	16.890664	70.848549	75.473120	1554.3307	-0.19595743	411.60287	0.65855901	0.064736111	liquid
342.33816	0.030121584	54.298107	0.018416848	5.2177966	5.2183514	17.028185	70.790311	75.479487	1554.4635	-0.19561549	408.06362	0.65906757	0.064625346	liquid
342.96139	0.030947295	54.278468	0.018423512	5.2648362	5.2654064	17.165468	70.732007	75.485961	1554.5804	-0.19527348	404.57560	0.65957021	0.064514385	liquid
343.58461	0.031792068	54.258712	0.018430220	5.3118798	5.3124658	17.302512	70.673640	75.492545	1554.6813	-0.19493140	401.13783	0.66006694	0.064403229	liquid
344.20784	0.032656250	54.238840	0.018436973	5.3589274	5.3595295	17.439321	70.615213	75.499238	1554.7666	-0.19458921	397.74934	0.66055779	0.064291876	liquid
344.83107	0.033540197	54.218852	0.018443769	5.4059791	5.4065977	17.575893	70.556730	75.506040	1554.8362	-0.19424690	394.40920	0.66104279	0.064180329	liquid
345.45429	0.034444266	54.198750	0.018450610	5.4530350	5.4536705	17.712232	70.498193	75.512954	1554.8903	-0.19390443	391.11649	0.66152194	0.064068586	liquid
346.07752	0.035368821	54.178533	0.018457495	5.5000951	5.5007479	17.848336	70.439606	75.519979	1554.9290	-0.19356178	387.87031	0.66199527	0.063956649	liquid
346.70075	0.036314229	54.158203	0.018464424	5.5471595	5.5478300	17.984208	70.380970	75.527116	1554.9525	-0.19321894	384.66980	0.66246281	0.063844518	liquid
347.32397	0.037280863	54.137759	0.018471396	5.5942282	5.5949169	18.119849	70.322290	75.534366	1554.9607	-0.19287587	381.51409	0.66292457	0.063732193	liquid
347.94720	0.038269099	54.117202	0.018478413	5.6413014	5.6420086	18.255259	70.263569	75.541730	1554.9539	-0.19253256	378.40236	0.66338057	0.063619675	liquid
348.57043	0.039279318	54.096534	0.018485473	5.6883791	5.6891052	18.390440	70.204808	75.549208	1554.9321	-0.19218898	375.33380	0.66383083	0.063506964	liquid
349.19365	0.040311907	54.075753	0.018492577	5.7354613	5.7362068	18.525393	70.146011	75.556802	1554.8955	-0.19184512	372.30761	0.66427537	0.063394060	liquid
349.81688	0.041367257	54.054861	0.018499724	5.7825482	5.7833135	18.660118	70.087181	75.564512	1554.8441	-0.19150094	369.32300	0.66471422	0.063280963	liquid
350.44011	0.042445763	54.033858	0.018506915	5.8296398	5.8304254	18.794617	70.028321	75.572340	1554.7781	-0.19115642	366.37924	0.66514738	0.063167675	liquid
351.06333	0.043547825	54.012745	0.018514149	5.8767362	5.8775424	18.928891	69.969433	75.580286	1554.6975	-0.19081155	363.47556	0.66557488	0.063054195	liquid
351.68656	0.044673848	53.991522	0.018521426	5.9238374	5.9246648	19.062940	69.910520	75.588351	1554.6024	-0.19046630	360.61126	0.66599673	0.062940524	liquid
352.30979	0.045824242	53.970190	0.018528747	5.9709435	5.9717926	19.196766	69.851585	75.596536	1554.4930	-0.19012065	357.78562	0.66641296	0.062826661	liquid
352.93301	0.046999422	53.948749	0.018536111	6.0180546	6.0189258	19.330369	69.792630	75.604842	1554.3693	-0.18977458	354.99795	0.66682359	0.062712609	liquid
353.55624	0.048199806	53.927199	0.018543518	6.0651708	6.0660646	19.463752	69.733658	75.613270	1554.2315	-0.18942807	352.24757	0.66722863	0.062598366	liquid
354.17947	0.049425820	53.905541	0.018550969	6.1122921	6.1132090	19.596913	69.674672	75.621821	1554.0795	-0.18908109	349.53382	0.66762809	0.062483934	liquid
354.80269	0.050677891	53.883775	0.018558462	6.1594186	6.1603591	19.729856	69.615674	75.630496	1553.9136	-0.18873362	346.85606	0.66802200	0.062369312	liquid
355.42592	0.051956455	53.861902	0.018565999	6.2065504	6.2075150	19.862580	69.556667	75.639296	1553.7338	-0.18838565	344.21365	0.66841038	0.062254501	liquid
356.04915	0.053261949	53.839923	0.018573578	6.2536876	6.2546768	19.995086	69.497653	75.648222	1553.5403	-0.18803715	341.60597	0.66879325	0.062139501	liquid
356.67237	0.054594818	53.817836	0.018581200	6.3008301	6.3018446	20.127377	69.438635	75.657276	1553.3330	-0.18768810	339.03243	0.66917061	0.062024314	liquid
357.29560	0.055955511	53.795644	0.018588866	6.3479782	6.3490184	20.259451	69.379615	75.666457	1553.1120	-0.18733848	336.49242	0.66954249	0.061908938	liquid
357.91883	0.057344480	53.773346	0.018596574	6.3951319	6.3961983	20.391311	69.320596	75.675768	1552.8776	-0.18698827	333.98537	0.66990891	0.061793375	liquid
358.54205	0.058762185	53.750943	0.018604325	6.4422912	6.4433844	20.522958	69.261579	75.685209	1552.6297	-0.18663745	331.51070	0.67026988	0.061677625	liquid
359.16528	0.060209089	53.728435	0.018612119	6.4894562	6.4905769	20.654391	69.202568	75.694781	1552.3684	-0.18628599	329.06788	0.67062541	0.061561688	liquid
359.78851	0.061685661	53.705822	0.018619955	6.5366271	6.5377757	20.785614	69.143565	75.704485	1552.0938	-0.18593389	326.65635	0.67097554	0.061445564	liquid
360.41173	0.063192375	53.683105	0.018627834	6.5838038	6.5849810	20.916625	69.084572	75.714323	1551.8061	-0.18558111	324.27558	0.67132027	0.061329255	liquid
361.03496	0.064729710	53.660285	0.018635756	6.6309866	6.6321929	21.047427	69.025591	75.724296	1551.5052	-0.18522764	321.92506	0.67165962	0.061212760	liquid
361.65819	0.066298149	53.637361	0.018643721	6.6781753	6.6794114	21.178020	68.966624	75.734404	1551.1913	-0.18487346	319.60426	0.67199360	0.061096080	liquid
362.28141	0.067898181	53.614333	0.018651729	6.7253702	6.7266366	21.308405	68.907674	75.744650	1550.8644	-0.18451854	317.31271	0.67232224	0.060979215	liquid
362.90464	0.069530300	53.591203	0.018659779	6.7725713	6.7738687	21.438583	68.848742	75.755033	1550.5246	-0.18416288	315.04990	0.67264555	0.060862165	liquid
363.52787	0.071195005	53.567970	0.018667872	6.8197787	6.8211078	21.568555	68.789832	75.765555	1550.1720	-0.18380644	312.81536	0.67296354	0.060744932	liquid
364.15109	0.072892802	53.544636	0.018676007	6.8669925	6.8683538	21.698322	68.730945	75.776217	1549.8067	-0.18344921	310.60862	0.67327624	0.060627514	liquid
364.77432	0.074624199	53.521199	0.018684185	6.9142127	6.9156070	21.827885	68.672082	75.787021	1549.4288	-0.18309116	308.42922	0.67358365	0.060509914	liquid
365.39755	0.076389710	53.497661	0.018692406	6.9614395	6.9628674	21.957245	68.613247	75.797967	1549.0382	-0.18273229	306.27672	0.67388580	0.060392130	liquid
366.02077	0.078189856	53.474021	0.018700670	7.0086728	7.0101350	22.086402	68.554441	75.809056	1548.6352	-0.18237256	304.15067	0.67418270	0.060274165	liquid
366.64400	0.080025162	53.450281	0.018708976	7.0559129	7.0574101	22.215358	68.495666	75.820291	1548.2197	-0.18201196	302.05064	0.67447437	0.060156017	liquid
367.26723	0.081896158	53.426440	0.018717324	7.1031598	7.1046927	22.344113	68.436925	75.831671	1547.7919	-0.18165048	299.97621	0.67476082	0.060037687	liquid
367.89045	0.083803379	53.402498	0.018725716	7.1504135	7.1519828	22.472669	68.378218	75.843198	1547.3517	-0.18128808	297.92697	0.67504206	0.059919176	liquid
368.51368	0.085747367	53.378457	0.018734150	7.1976743	7.1992807	22.601027	68.319548	75.854873	1546.8994	-0.18092475	295.90252	0.67531812	0.059800484	liquid
369.13691	0.087728666	53.354316	0.018742626	7.2449420	7.2465863	22.729186	68.260916	75.866697	1546.4348	-0.18056048	293.90244	0.67558901	0.059681611	liquid
369.76013	0.089747829	53.330075	0.018751146	7.2922169	7.2938998	22.857149	68.202326	75.878672	1545.9582	-0.18019524	291.92636	0.67585474	0.059562559	liquid
370.38336	0.091805412	53.305735	0.018759708	7.3394990	7.3412213	22.984916	68.143777	75.890798	1545.4696	-0.17982901	289.97390	0.67611534	0.059443326	liquid
371.00659	0.093901977	53.281296	0.018768312	7.3867885	7.3885509	23.112488	68.085273	75.903077	1544.9690	-0.17946177	288.04467	0.67637081	0.059323915	liquid
371.62981	0.096038091	53.256758	0.018776960	7.4340853	7.4358886	23.239866	68.026815	75.915510	1544.4565	-0.17909351	286.13831	0.67662117	0.059204324	liquid
372.25304	0.098214327	53.232121	0.018785650	7.4813896	7.4832347	23.367050	67.968404	75.928099	1543.9322	-0.17872421	284.25447	0.67686643	0.059084555	liquid
372.87627	0.10043126	53.207387	0.018794383	7.5287015	7.5305891	23.494042	67.910043	75.940843	1543.3961	-0.17835384	282.39278	0.67710662	0.058964608	liquid
373.49949	0.10268948	53.182554	0.018803159	7.5760211	7.5779520	23.620843	67.851732	75.953744	1542.8483	-0.17798239	280.55291	0.67734174	0.058844483	liquid
374.12272	0.10498957	53.157623	0.018811977	7.6233485	7.6253235	23.747453	67.793475	75.966805	1542.2889	-0.17760984	278.73451	0.67757182	0.058724181	liquid
374.74595	0.10733212	53.132595	0.018820839	7.6706837	7.6727038	23.873873	67.735271	75.980025	1541.7179	-0.17723616	276.93725	0.67779686	0.058603702	liquid
375.36917	0.10971774	53.107470	0.018829743	7.7180268	7.7200928	24.000105	67.677123	75.993405	1541.1353	-0.17686135	275.16081	0.67801688	0.058483046	liquid
375.99240	0.11214703	53.082247	0.018838690	7.7653780	7.7674907	24.126149	67.619032	76.006948	1540.5414	-0.17648538	273.40486	0.67823190	0.058362214	liquid
376.61563	0.11462060	53.056927	0.018847680	7.8127374	7.8148977	24.252006	67.561001	76.020654	1539.9360	-0.17610823	271.66909	0.67844193	0.058241207	liquid
377.23885	0.11713906	53.031511	0.018856713	7.8601050	7.8623138	24.377676	67.503029	76.034525	1539.3192	-0.17572989	269.95320	0.67864699	0.058120024	liquid
377.86208	0.11970303	53.005998	0.018865789	7.9074809	7.9097391	24.503161	67.445119	76.048560	1538.6912	-0.17535033	268.25687	0.67884708	0.057998667	liquid
378.48531	0.12231315	52.980389	0.018874909	7.9548652	7.9571738	24.628462	67.387273	76.062763	1538.0519	-0.17496953	266.57982	0.67904223	0.057877135	liquid
379.10853	0.12497005	52.954684	0.018884071	8.0022580	8.0046180	24.753579	67.329491	76.077134	1537.4014	-0.17458748	264.92175	0.67923245	0.057755429	liquid
379.73176	0.12767435	52.928882	0.018893276	8.0496595	8.0520717	24.878513	67.271776	76.091674	1536.7399	-0.17420416	263.28237	0.67941776	0.057633550	liquid
380.35499	0.13042671	52.902985	0.018902525	8.0970697	8.0995350	25.003266	67.214127	76.106384	1536.0672	-0.17381955	261.66141	0.67959816	0.057511497	liquid
380.97821	0.13322777	52.876993	0.018911817	8.1444886	8.1470082	25.127837	67.156548	76.121265	1535.3836	-0.17343362	260.05860	0.67977367	0.057389272	liquid
381.60144	0.13607819	52.850905	0.018921152	8.1919165	8.1944913	25.252229	67.099038	76.136319	1534.6889	-0.17304637	258.47365	0.67994431	0.057266874	liquid
382.22467	0.13897862	52.824721	0.018930530	8.2393535	8.2419844	25.376441	67.041600	76.151547	1533.9834	-0.17265777	256.90631	0.68011010	0.057144304	liquid
382.84789	0.14192974	52.798443	0.018939952	8.2867995	8.2894876	25.500475	66.984235	76.166950	1533.2670	-0.17226780	255.35631	0.68027104	0.057021563	liquid
383.47112	0.14493220	52.772070	0.018949418	8.3342547	8.3370011	25.624331	66.926943	76.182529	1532.5398	-0.17187644	253.82340	0.68042714	0.056898651	liquid
384.09435	0.14798669	52.745602	0.018958927	8.3817193	8.3845249	25.748010	66.869726	76.198285	1531.8018	-0.17148368	252.30733	0.68057844	0.056775568	liquid
384.71757	0.15109388	52.719039	0.018968479	8.4291932	8.4320592	25.871513	66.812586	76.214220	1531.0531	-0.17108949	250.80785	0.68072493	0.056652315	liquid
385.34080	0.15425447	52.692382	0.018978075	8.4766767	8.4796042	25.994841	66.755524	76.230335	1530.2938	-0.17069386	249.32472	0.68086663	0.056528893	liquid
385.96403	0.15746915	52.665631	0.018987715	8.5241698	8.5271598	26.117995	66.698539	76.246631	1529.5238	-0.17029677	247.85770	0.68100355	0.056405301	liquid
386.58725	0.16073861	52.638785	0.018997399	8.5716726	8.5747263	26.240976	66.641635	76.263109	1528.7433	-0.16989819	246.40656	0.68113572	0.056281540	liquid
387.21048	0.16406355	52.611845	0.019007126	8.6191853	8.6223037	26.363784	66.584811	76.279770	1527.9523	-0.16949811	244.97107	0.68126314	0.056157610	liquid
387.83371	0.16744469	52.584812	0.019016898	8.6667079	8.6698922	26.486420	66.528070	76.296616	1527.1507	-0.16909651	243.55100	0.68138582	0.056033513	liquid
388.45693	0.17088275	52.557685	0.019026713	8.7142405	8.7174919	26.608885	66.471411	76.313647	1526.3388	-0.16869337	242.14614	0.68150379	0.055909248	liquid
389.08016	0.17437843	52.530463	0.019036573	8.7617833	8.7651029	26.731180	66.414836	76.330866	1525.5164	-0.16828867	240.75626	0.68161705	0.055784815	liquid
389.70339	0.17793247	52.503149	0.019046477	8.8093363	8.8127253	26.853306	66.358347	76.348273	1524.6838	-0.16788239	239.38115	0.68172562	0.055660216	liquid
390.32661	0.18154559	52.475741	0.019056425	8.8568997	8.8603593	26.975263	66.301943	76.365869	1523.8408	-0.16747452	238.02060	0.68182951	0.055535451	liquid
390.94984	0.18521854	52.448239	0.019066417	8.9044736	8.9080050	27.097053	66.245627	76.383656	1522.9876	-0.16706502	236.67441	0.68192874	0.055410520	liquid
391.57307	0.18895205	52.420645	0.019076454	8.9520580	8.9556626	27.218676	66.189398	76.401634	1522.1241	-0.16665389	235.34236	0.68202331	0.055285424	liquid
392.19629	0.19274688	52.392957	0.019086535	8.9996531	9.0033320	27.340133	66.133259	76.419806	1521.2505	-0.16624110	234.02427	0.68211324	0.055160162	liquid
392.81952	0.19660377	52.365176	0.019096661	9.0472590	9.0510135	27.461424	66.077209	76.438171	1520.3668	-0.16582663	232.71994	0.68219855	0.055034736	liquid
393.44275	0.20052349	52.337303	0.019106831	9.0948759	9.0987072	27.582551	66.021250	76.456733	1519.4730	-0.16541047	231.42918	0.68227925	0.054909146	liquid
394.06597	0.20450680	52.309336	0.019117046	9.1425037	9.1464133	27.703515	65.965382	76.475491	1518.5691	-0.16499259	230.15179	0.68235535	0.054783392	liquid
394.68920	0.20855447	52.281277	0.019127306	9.1901426	9.1941317	27.824315	65.909607	76.494447	1517.6552	-0.16457297	228.88758	0.68242686	0.054657476	liquid
395.31243	0.21266728	52.253125	0.019137611	9.2377928	9.2418628	27.944954	65.853925	76.513602	1516.7314	-0.16415160	227.63639	0.68249380	0.054531396	liquid
395.93565	0.21684600	52.224880	0.019147962	9.2854544	9.2896065	28.065432	65.798337	76.532958	1515.7976	-0.16372845	226.39802	0.68255618	0.054405154	liquid
396.55888	0.22109142	52.196543	0.019158357	9.3331274	9.3373631	28.185749	65.742844	76.552515	1514.8540	-0.16330350	225.17231	0.68261402	0.054278751	liquid
397.18211	0.22540435	52.168113	0.019168797	9.3808120	9.3851327	28.305906	65.687447	76.572276	1513.9005	-0.16287673	223.95907	0.68266732	0.054152186	liquid
397.80533	0.22978556	52.139591	0.019179283	9.4285083	9.4329154	28.425905	65.632146	76.592240	1512.9371	-0.16244813	222.75813	0.68271610	0.054025460	liquid
398.42856	0.23423587	52.110977	0.019189815	9.4762164	9.4807113	28.545745	65.576943	76.612410	1511.9640	-0.16201767	221.56934	0.68276037	0.053898574	liquid
399.05179	0.23875609	52.082270	0.019200392	9.5239364	9.5285206	28.665428	65.521837	76.632787	1510.9812	-0.16158534	220.39252	0.68280014	0.053771528	liquid
399.67501	0.24334703	52.053472	0.019211015	9.5716684	9.5763434	28.784955	65.466830	76.653372	1509.9887	-0.16115110	219.22751	0.68283543	0.053644322	liquid
400.29824	0.24800952	52.024581	0.019221683	9.6194126	9.6241798	28.904326	65.411923	76.674166	1508.9865	-0.16071495	218.07415	0.68286626	0.053516957	liquid
400.92147	0.25274437	51.995597	0.019232398	9.6671691	9.6720300	29.023542	65.357115	76.695170	1507.9746	-0.16027685	216.93228	0.68289262	0.053389434	liquid
401.54469	0.25755241	51.966522	0.019243158	9.7149379	9.7198941	29.142604	65.302408	76.716387	1506.9532	-0.15983679	215.80175	0.68291454	0.053261753	liquid
402.16792	0.26243450	51.937355	0.019253965	9.7627193	9.7677722	29.261513	65.247802	76.737817	1505.9222	-0.15939475	214.68241	0.68293203	0.053133913	liquid
402.79115	0.26739146	51.908095	0.019264818	9.8105133	9.8156646	29.380269	65.193298	76.759461	1504.8817	-0.15895071	213.57411	0.68294509	0.053005917	liquid
403.41437	0.27242415	51.878744	0.019275717	9.8583201	9.8635712	29.498873	65.138897	76.781321	1503.8317	-0.15850465	212.47670	0.68295375	0.052877764	liquid
404.03760	0.27753342	51.849301	0.019286663	9.9061397	9.9114924	29.617326	65.084599	76.803398	1502.7722	-0.15805653	211.39003	0.68295801	0.052749455	liquid
404.66083	0.28272013	51.819766	0.019297656	9.9539723	9.9594281	29.735629	65.030404	76.825693	1501.7033	-0.15760636	210.31397	0.68295789	0.052620990	liquid
405.28405	0.28798515	51.790138	0.019308695	10.001818	10.007379	29.853783	64.976314	76.848209	1500.6250	-0.15715409	209.24837	0.68295340	0.052492370	liquid
405.90728	0.29332933	51.760419	0.019319782	10.049677	10.055344	29.971787	64.922329	76.870945	1499.5373	-0.15669971	208.19310	0.68294454	0.052363595	liquid
406.53051	0.29875358	51.730609	0.019330915	10.097549	10.103324	30.089644	64.868449	76.893904	1498.4403	-0.15624320	207.14802	0.68293134	0.052234666	liquid
407.15373	0.30425875	51.700706	0.019342096	10.145435	10.151320	30.207353	64.814675	76.917087	1497.3340	-0.15578453	206.11299	0.68291380	0.052105583	liquid
407.77696	0.30984574	51.670711	0.019353324	10.193334	10.199331	30.324916	64.761007	76.940495	1496.2184	-0.15532369	205.08789	0.68289194	0.051976346	liquid
408.40019	0.31551545	51.640625	0.019364599	10.241247	10.247357	30.442334	64.707447	76.964129	1495.0935	-0.15486065	204.07258	0.68286577	0.051846957	liquid
409.02341	0.32126877	51.610446	0.019375922	10.289174	10.295399	30.559606	64.653993	76.987991	1493.9595	-0.15439539	203.06694	0.68283530	0.051717415	liquid
409.64664	0.32710660	51.580176	0.019387293	10.337115	10.343457	30.676734	64.600648	77.012083	1492.8163	-0.15392789	202.07085	0.68280053	0.051587722	liquid
410.26987	0.33302985	51.549814	0.019398712	10.385070	10.391531	30.793719	64.547411	77.036405	1491.6639	-0.15345812	201.08417	0.68276149	0.051457877	liquid
410.89309	0.33903945	51.519360	0.019410179	10.433040	10.439620	30.910561	64.494283	77.060960	1490.5023	-0.15298606	200.10679	0.68271819	0.051327881	liquid
411.51632	0.34513631	51.488814	0.019421694	10.481023	10.487726	31.027260	64.441264	77.085748	1489.3317	-0.15251170	199.13859	0.68267063	0.051197735	liquid
412.13955	0.35132135	51.458176	0.019433258	10.529021	10.535849	31.143819	64.388354	77.110770	1488.1520	-0.15203499	198.17945	0.68261883	0.051067439	liquid
412.76277	0.35759550	51.427446	0.019444870	10.577034	10.583988	31.260237	64.335555	77.136030	1486.9633	-0.15155593	197.22926	0.68256280	0.050936993	liquid
413.38600	0.36395972	51.396624	0.019456531	10.625062	10.632143	31.376516	64.282866	77.161527	1485.7656	-0.15107449	196.28789	0.68250255	0.050806398	liquid
414.00923	0.37041493	51.365710	0.019468241	10.673104	10.680315	31.492655	64.230288	77.187264	1484.5588	-0.15059064	195.35525	0.68243808	0.050675655	liquid
414.63245	0.37696208	51.334704	0.019479999	10.721161	10.728504	31.608657	64.177821	77.213241	1483.3431	-0.15010436	194.43121	0.68236943	0.050544765	liquid
415.25568	0.38360214	51.303606	0.019491807	10.769234	10.776711	31.724520	64.125465	77.239461	1482.1185	-0.14961564	193.51568	0.68229658	0.050413726	liquid
415.87891	0.39033605	51.272416	0.019503665	10.817321	10.824934	31.840247	64.073222	77.265924	1480.8850	-0.14912443	192.60853	0.68221956	0.050282541	liquid
416.50213	0.39716478	51.241133	0.019515571	10.865425	10.873176	31.955838	64.021090	77.292633	1479.6425	-0.14863073	191.70967	0.68213838	0.050151209	liquid
417.12536	0.40408931	51.209759	0.019527528	10.913543	10.921434	32.071294	63.969071	77.319588	1478.3913	-0.14813450	190.81899	0.68205304	0.050019732	liquid
417.74859	0.41111061	51.178292	0.019539534	10.961678	10.969711	32.186615	63.917166	77.346792	1477.1311	-0.14763572	189.93639	0.68196356	0.049888109	liquid
418.37181	0.41822965	51.146733	0.019551591	11.009828	11.018005	32.301802	63.865373	77.374245	1475.8622	-0.14713436	189.06177	0.68186995	0.049756341	liquid
418.99504	0.42544744	51.115081	0.019563698	11.057994	11.066317	32.416856	63.813694	77.401950	1474.5845	-0.14663041	188.19503	0.68177221	0.049624429	liquid
419.61827	0.43276495	51.083337	0.019575855	11.106176	11.114648	32.531778	63.762128	77.429908	1473.2980	-0.14612383	187.33607	0.68167037	0.049492373	liquid
420.24149	0.44018318	51.051501	0.019588063	11.154374	11.162997	32.646568	63.710677	77.458121	1472.0028	-0.14561460	186.48479	0.68156443	0.049360174	liquid
420.86472	0.44770315	51.019571	0.019600321	11.202589	11.211364	32.761226	63.659340	77.486589	1470.6989	-0.14510270	185.64111	0.68145439	0.049227832	liquid
421.48795	0.45532585	50.987550	0.019612631	11.250820	11.259750	32.875755	63.608118	77.515316	1469.3862	-0.14458809	184.80491	0.68134028	0.049095348	liquid
422.11117	0.46305231	50.955435	0.019624992	11.299068	11.308156	32.990154	63.557010	77.544302	1468.0649	-0.14407076	183.97613	0.68122210	0.048962722	liquid
422.73440	0.47088353	50.923228	0.019637404	11.347333	11.356580	33.104425	63.506017	77.573549	1466.7350	-0.14355067	183.15465	0.68109986	0.048829954	liquid
423.35763	0.47882056	50.890927	0.019649868	11.395614	11.405023	33.218567	63.455140	77.603058	1465.3964	-0.14302781	182.34040	0.68097358	0.048697046	liquid
423.98085	0.48686440	50.858534	0.019662383	11.443913	11.453486	33.332582	63.404379	77.632832	1464.0492	-0.14250214	181.53328	0.68084325	0.048563998	liquid
424.60408	0.49501611	50.826048	0.019674951	11.492229	11.501968	33.446470	63.353733	77.662872	1462.6935	-0.14197363	180.73321	0.68070890	0.048430811	liquid
425.22731	0.50327673	50.793468	0.019687571	11.540562	11.550470	33.560232	63.303203	77.693180	1461.3292	-0.14144227	179.94010	0.68057053	0.048297484	liquid
425.85053	0.51164729	50.760795	0.019700243	11.588912	11.598992	33.673869	63.252789	77.723757	1459.9563	-0.14090801	179.15387	0.68042816	0.048164018	liquid
426.47376	0.52012885	50.728029	0.019712968	11.637280	11.647534	33.787382	63.202492	77.754605	1458.5749	-0.14037085	178.37443	0.68028178	0.048030415	liquid
427.09699	0.52872247	50.695169	0.019725745	11.685666	11.696096	33.900770	63.152311	77.785726	1457.1850	-0.13983074	177.60170	0.68013142	0.047896674	liquid
427.72021	0.53742921	50.662216	0.019738576	11.734070	11.744678	34.014036	63.102247	77.817122	1455.7867	-0.13928765	176.83561	0.67997708	0.047762796	liquid
428.34344	0.54625015	50.629169	0.019751460	11.782492	11.793281	34.127179	63.052300	77.848795	1454.3799	-0.13874157	176.07606	0.67981878	0.047628782	liquid
428.96667	0.55518634	50.596028	0.019764397	11.830932	11.841905	34.240200	63.002470	77.880745	1452.9646	-0.13819247	175.32299	0.67965651	0.047494632	liquid
429.58989	0.56423888	50.562793	0.019777388	11.879390	11.890549	34.353101	62.952758	77.912976	1451.5409	-0.13764030	174.57631	0.67949029	0.047360346	liquid
430.21312	0.57340884	50.529464	0.019790434	11.927867	11.939215	34.465881	62.903163	77.945489	1450.1088	-0.13708505	173.83595	0.67933440	0.047225926	liquid
430.83635	0.58269732	50.496041	0.019803533	11.976363	11.987902	34.578541	62.853685	77.978285	1448.6684	-0.13652669	173.10184	0.67926442	0.047091372	liquid
431.45957	0.59210541	50.462524	0.019816686	12.024877	12.036611	34.691083	62.804325	78.011368	1447.2195	-0.13596518	172.37389	0.67913622	0.046956684	liquid
432.08280	0.60163420	50.428912	0.019829895	12.073410	12.085341	34.803506	62.755083	78.044737	1445.7624	-0.13540050	171.65203	0.67899328	0.046821863	liquid
432.70603	0.61128482	50.395205	0.019843158	12.121963	12.134092	34.915812	62.705958	78.078397	1444.2969	-0.13483262	170.93620	0.67884091	0.046686910	liquid
433.32925	0.62105836	50.361404	0.019856476	12.170534	12.182866	35.028001	62.656952	78.112347	1442.8230	-0.13426150	170.22632	0.67868118	0.046551824	liquid
433.95248	0.63095594	50.327508	0.019869849	12.219125	12.231662	35.140073	62.608064	78.146592	1441.3409	-0.13368711	169.52233	0.67851514	0.046416607	liquid
434.57571	0.64097869	50.293516	0.019883279	12.267736	12.280480	35.252031	62.559295	78.181131	1439.8505	-0.13310943	168.82414	0.67834343	0.046281260	liquid
435.19893	0.65112773	50.259430	0.019896764	12.316366	12.329321	35.363873	62.510643	78.215968	1438.3519	-0.13252843	168.13170	0.67816646	0.046145782	liquid
435.82216	0.66140419	50.225248	0.019910305	12.365016	12.378185	35.475602	62.462111	78.251104	1436.8450	-0.13194406	167.44494	0.67798454	0.046010174	liquid
436.44539	0.67180921	50.190971	0.019923902	12.413686	12.427071	35.587217	62.413697	78.286542	1435.3299	-0.13135631	166.76379	0.67779785	0.045874437	liquid
437.06861	0.68234394	50.156598	0.019937556	12.462376	12.475981	35.698720	62.365401	78.322283	1433.8066	-0.13076513	166.08818	0.67760658	0.045738572	liquid
437.69184	0.69300951	50.122129	0.019951267	12.511087	12.524913	35.810111	62.317225	78.358329	1432.2750	-0.13017050	165.41805	0.67741084	0.045602579	liquid
438.31507	0.70380709	50.087564	0.019965035	12.559818	12.573870	35.921390	62.269167	78.394684	1430.7353	-0.12957238	164.75333	0.67721074	0.045466458	liquid
438.93829	0.71473783	50.052903	0.019978861	12.608570	12.622850	36.032559	62.221228	78.431348	1429.1875	-0.12897075	164.09397	0.67700637	0.045330211	liquid
439.56152	0.72580290	50.018146	0.019992744	12.657342	12.671853	36.143617	62.173409	78.468324	1427.6315	-0.12836555	163.43990	0.67679778	0.045193837	liquid
440.18475	0.73700346	49.983292	0.020006685	12.706136	12.720881	36.254567	62.125708	78.505615	1426.0673	-0.12775678	162.79106	0.67658505	0.045057338	liquid
440.80797	0.74834069	49.948341	0.020020685	12.754951	12.769933	36.365408	62.078127	78.543221	1424.4951	-0.12714438	162.14739	0.67636822	0.044920714	liquid
441.43120	0.75981577	49.913294	0.020034743	12.803787	12.819009	36.476141	62.030665	78.581147	1422.9147	-0.12652832	161.50883	0.67614734	0.044783965	liquid
442.05443	0.77142987	49.878149	0.020048859	12.852644	12.868110	36.586767	61.983322	78.619393	1421.3262	-0.12590857	160.87532	0.67592245	0.044647093	liquid
442.67765	0.78318420	49.842907	0.020063035	12.901523	12.917236	36.697287	61.936098	78.657962	1419.7297	-0.12528510	160.24681	0.67569358	0.044510097	liquid
443.30088	0.79507994	49.807567	0.020077270	12.950424	12.966387	36.807700	61.888994	78.696857	1418.1251	-0.12465787	159.62323	0.67546077	0.044372978	liquid
443.92411	0.80711830	49.772130	0.020091565	12.999347	13.015563	36.918009	61.842010	78.736080	1416.5125	-0.12402684	159.00453	0.67522405	0.044235738	liquid
444.54733	0.81930048	49.736595	0.020105920	13.048292	13.064764	37.028213	61.795145	78.775633	1414.8918	-0.12339198	158.39065	0.67498344	0.044098376	liquid
445.17056	0.83162769	49.700961	0.020120335	13.097259	13.113991	37.138313	61.748400	78.815518	1413.2631	-0.12275325	157.78154	0.67473897	0.043960893	liquid
445.79379	0.84410115	49.665229	0.020134811	13.146248	13.163244	37.248310	61.701774	78.855738	1411.6264	-0.12211062	157.17715	0.67449066	0.043823291	liquid
446.41701	0.85672207	49.629399	0.020149347	13.195261	13.212523	37.358205	61.655268	78.896296	1409.9817	-0.12146404	156.57741	0.67423853	0.043685568	liquid
447.04024	0.86949169	49.593470	0.020163945	13.244296	13.261828	37.467998	61.608881	78.937194	1408.3290	-0.12081348	155.98229	0.67398261	0.043547726	liquid
447.66347	0.88241123	49.557442	0.020178604	13.293354	13.311160	37.577690	61.562615	78.978434	1406.6684	-0.12015890	155.39172	0.67372290	0.043409767	liquid
448.28669	0.89548193	49.521314	0.020193325	13.342435	13.360518	37.687282	61.516468	79.020020	1404.9998	-0.11950026	154.80565	0.67345943	0.043271689	liquid
448.90992	0.90870502	49.485087	0.020208108	13.391540	13.409903	37.796773	61.470441	79.061953	1403.3232	-0.11883753	154.22404	0.67319221	0.043133494	liquid
449.53315	0.92208176	49.448760	0.020222954	13.440668	13.459315	37.906166	61.424534	79.104236	1401.6387	-0.11817066	153.64682	0.67292126	0.042995183	liquid
450.15637	0.93561340	49.412333	0.020237862	13.489819	13.508754	38.015461	61.378746	79.146871	1399.9463	-0.11749962	153.07397	0.67264660	0.042856756	liquid
450.77960	0.94930119	49.375806	0.020252834	13.538995	13.558221	38.124658	61.333079	79.189863	1398.2459	-0.11682436	152.50541	0.67236824	0.042718213	liquid
451.40283	0.96314640	49.339178	0.020267869	13.588194	13.607715	38.233757	61.287531	79.233212	1396.5377	-0.11614485	151.94112	0.67208619	0.042579556	liquid
452.02605	0.97715028	49.302450	0.020282968	13.637418	13.657238	38.342761	61.242104	79.276923	1394.8216	-0.11546104	151.38103	0.67180046	0.042440785	liquid
452.64928	0.99131412	49.265620	0.020298131	13.686666	13.706788	38.451669	61.196796	79.320997	1393.0976	-0.11477289	150.82510	0.67151107	0.042301901	liquid
453.27251	1.0056392	49.228690	0.020313358	13.735939	13.756367	38.560482	61.151608	79.365438	1391.3657	-0.11408037	150.27329	0.67121804	0.042162904	liquid
453.89573	1.0201268	49.191657	0.020328650	13.785237	13.805974	38.669200	61.106541	79.410248	1389.6260	-0.11338342	149.72555	0.67092136	0.042023795	liquid
454.51896	1.0347781	49.154523	0.020344008	13.834559	13.855611	38.777825	61.061593	79.455430	1387.8784	-0.11268200	149.18183	0.67062106	0.041884574	liquid
455.14219	1.0495946	49.117287	0.020359431	13.883907	13.905276	38.886357	61.016766	79.500988	1386.1230	-0.11197608	148.64209	0.67031715	0.041745243	liquid
455.76541	1.0645774	49.079948	0.020374920	13.933280	13.954970	38.994797	60.972058	79.546923	1384.3597	-0.11126561	148.10628	0.67000963	0.041605802	liquid
456.38864	1.0797279	49.042506	0.020390475	13.982678	14.004694	39.103145	60.927471	79.593240	1382.5886	-0.11055054	147.57437	0.66969851	0.041466251	liquid
457.01187	1.0950475	49.004962	0.020406097	14.032102	14.054448	39.211402	60.883004	79.639941	1380.8097	-0.10983083	147.04630	0.66938382	0.041326591	liquid
457.63509	1.1105373	48.967314	0.020421786	14.081552	14.104231	39.319569	60.838657	79.687029	1379.0230	-0.10910643	146.52204	0.66906554	0.041186824	liquid
458.25832	1.1261987	48.929563	0.020437542	14.131028	14.154045	39.427646	60.794430	79.734507	1377.2286	-0.10837730	146.00154	0.66874371	0.041046949	liquid
458.88155	1.1420331	48.891708	0.020453366	14.180530	14.203889	39.535635	60.750323	79.782379	1375.4263	-0.10764339	145.48476	0.66841832	0.040906967	liquid
459.50477	1.1580417	48.853748	0.020469258	14.230059	14.253763	39.643535	60.706336	79.830648	1373.6162	-0.10690466	144.97166	0.66808938	0.040766879	liquid
460.12800	1.1742260	48.815684	0.020485219	14.279614	14.303669	39.751348	60.662470	79.879316	1371.7984	-0.10616106	144.46221	0.66775690	0.040626685	liquid
460.75123	1.1905871	48.777515	0.020501249	14.329197	14.353605	39.859073	60.618724	79.928388	1369.9728	-0.10541253	143.95635	0.66742090	0.040486387	liquid
461.37445	1.2071266	48.739241	0.020517348	14.378806	14.403573	39.966713	60.575098	79.977866	1368.1395	-0.10465904	143.45406	0.66708138	0.040345985	liquid
461.99768	1.2238456	48.700862	0.020533517	14.428443	14.453572	40.074267	60.531593	80.027753	1366.2984	-0.10390053	142.95528	0.66673835	0.040205479	liquid
462.62091	1.2407457	48.662377	0.020549757	14.478107	14.503604	40.181736	60.488208	80.078055	1364.4496	-0.10313696	142.45999	0.66639181	0.040064871	liquid
463.24413	1.2578281	48.623785	0.020566066	14.527798	14.553667	40.289121	60.444943	80.128772	1362.5930	-0.10236826	141.96815	0.66604178	0.039924161	liquid
463.86736	1.2750941	48.585087	0.020582447	14.577518	14.603762	40.396422	60.401799	80.179911	1360.7287	-0.10159440	141.47971	0.66568826	0.039783349	liquid
464.49059	1.2925452	48.546282	0.020598900	14.627265	14.653890	40.503641	60.358775	80.231472	1358.8567	-0.10081532	140.99464	0.66533126	0.039642437	liquid
465.11381	1.3101827	48.507370	0.020615424	14.677041	14.704051	40.610777	60.315871	80.283462	1356.9770	-0.10003097	140.51290	0.66497079	0.039501425	liquid
465.73704	1.3280081	48.468351	0.020632020	14.726845	14.754245	40.717832	60.273088	80.335882	1355.0895	-0.099241294	140.03446	0.66460685	0.039360313	liquid
466.36027	1.3460226	48.429223	0.020648690	14.776678	14.804472	40.824807	60.230425	80.388737	1353.1944	-0.098446243	139.55928	0.66423946	0.039219103	liquid
466.98349	1.3642277	48.389987	0.020665432	14.826540	14.854732	40.931701	60.187883	80.442030	1351.2916	-0.097645761	139.08733	0.66386861	0.039077796	liquid
467.60672	1.3826247	48.350643	0.020682248	14.876431	14.905026	41.038515	60.145462	80.495766	1349.3811	-0.096839794	138.61857	0.66349433	0.038936391	liquid
468.22995	1.4012151	48.311189	0.020699139	14.926351	14.955355	41.145251	60.103161	80.549948	1347.4629	-0.096028287	138.15296	0.66311660	0.038794890	liquid
468.85317	1.4200002	48.271626	0.020716103	14.976300	15.005717	41.251909	60.060980	80.604579	1345.5370	-0.095211184	137.69047	0.66273545	0.038653293	liquid
469.47640	1.4389815	48.231953	0.020733143	15.026280	15.056114	41.358490	60.018921	80.659665	1343.6034	-0.094388430	137.23108	0.66235088	0.038511601	liquid
470.09963	1.4581604	48.192170	0.020750259	15.076289	15.106546	41.464993	59.976982	80.715209	1341.6622	-0.093559966	136.77473	0.66196289	0.038369815	liquid
470.72285	1.4775382	48.152277	0.020767450	15.126329	15.157013	41.571421	59.935164	80.771215	1339.7133	-0.092725734	136.32141	0.66157148	0.038227936	liquid
471.34608	1.4971164	48.112272	0.020784718	15.176399	15.207516	41.677773	59.893467	80.827687	1337.7568	-0.091885677	135.87107	0.66117668	0.038085964	liquid
471.96931	1.5168965	48.072156	0.020802063	15.226499	15.258054	41.784051	59.851890	80.884629	1335.7926	-0.091039735	135.42369	0.66077848	0.037943900	liquid
472.59253	1.5368798	48.031928	0.020819485	15.276631	15.308628	41.890255	59.810435	80.942046	1333.8207	-0.090187848	134.97924	0.66037688	0.037801745	liquid
473.21576	1.5570677	47.991588	0.020836985	15.326793	15.359238	41.996385	59.769100	80.999942	1331.8412	-0.089329955	134.53767	0.65997191	0.037659499	liquid
473.83899	1.5774619	47.951136	0.020854563	15.376987	15.409884	42.102443	59.727887	81.058321	1329.8541	-0.088465995	134.09897	0.65956355	0.037517164	liquid
474.46221	1.5980635	47.910570	0.020872221	15.427212	15.460567	42.208429	59.686794	81.117188	1327.8593	-0.087595906	133.66310	0.65915182	0.037374739	liquid
475.08544	1.6188742	47.869890	0.020889958	15.477469	15.511287	42.314343	59.645823	81.176547	1325.8568	-0.086719623	133.23003	0.65873672	0.037232226	liquid
475.70867	1.6398954	47.829097	0.020907775	15.527758	15.562044	42.420187	59.604973	81.236402	1323.8467	-0.085837084	132.79972	0.65831825	0.037089626	liquid
476.33189	1.6611284	47.788189	0.020925673	15.578079	15.612839	42.525962	59.564245	81.296759	1321.8290	-0.084948224	132.37216	0.65789644	0.036946939	liquid
476.95512	1.6825749	47.747166	0.020943651	15.628433	15.663672	42.631667	59.523638	81.357623	1319.8037	-0.084052978	131.94731	0.65747127	0.036804167	liquid
477.57835	1.7042362	47.706028	0.020961711	15.678819	15.714543	42.737303	59.483152	81.418997	1317.7707	-0.083151278	131.52514	0.65704275	0.036661309	liquid
478.20157	1.7261138	47.664775	0.020979854	15.729238	15.765452	42.842872	59.442788	81.480887	1315.7301	-0.082243058	131.10562	0.65661089	0.036518366	liquid
478.82480	1.7482093	47.623405	0.020998079	15.779690	15.816400	42.948374	59.402546	81.543297	1313.6819	-0.081328249	130.68872	0.65617570	0.036375340	liquid
479.44803	1.7705240	47.581918	0.021016387	15.830176	15.867386	43.053810	59.362425	81.606233	1311.6260	-0.080406783	130.27442	0.65573718	0.036232232	liquid
480.07125	1.7930595	47.540314	0.021034779	15.880696	15.918412	43.159180	59.322426	81.669699	1309.5625	-0.079478590	129.86269	0.65529533	0.036089041	liquid
480.69448	1.8158173	47.498592	0.021053256	15.931249	15.969478	43.264484	59.282549	81.733701	1307.4914	-0.078543599	129.45349	0.65485016	0.035945769	liquid
481.31771	1.8387988	47.456752	0.021071817	15.981836	16.020583	43.369725	59.242795	81.798244	1305.4127	-0.077601739	129.04681	0.65440168	0.035802417	liquid
481.94093	1.8620056	47.414794	0.021090464	16.032458	16.071729	43.474902	59.203162	81.863333	1303.3264	-0.076652936	128.64262	0.65394988	0.035658985	liquid
482.56416	1.8854391	47.372716	0.021109197	16.083115	16.122915	43.580016	59.163652	81.928974	1301.2324	-0.075697117	128.24088	0.65349477	0.035515474	liquid
483.18739	1.9091009	47.330518	0.021128017	16.133806	16.174142	43.685068	59.124264	81.995172	1299.1308	-0.074734208	127.84158	0.65303637	0.035371885	liquid
483.81061	1.9329925	47.288201	0.021146924	16.184533	16.225409	43.790059	59.084999	82.061932	1297.0216	-0.073764133	127.44468	0.65257466	0.035228219	liquid
484.43384	1.9571154	47.245762	0.021165920	16.235295	16.276719	43.894989	59.045856	82.129261	1294.9047	-0.072786815	127.05016	0.65210966	0.035084476	liquid
485.05707	1.9814712	47.203202	0.021185003	16.286092	16.328070	43.999859	59.006837	82.197163	1292.7803	-0.071802177	126.65800	0.65164138	0.034940659	liquid
485.68029	2.0060613	47.160521	0.021204176	16.336926	16.379463	44.104669	58.967940	82.265644	1290.6482	-0.070810139	126.26816	0.65116980	0.034796766	liquid
486.30352	2.0308873	47.117717	0.021223439	16.387796	16.430898	44.209421	58.929166	82.334711	1288.5085	-0.069810623	125.88063	0.65069495	0.034652799	liquid
486.92675	2.0559507	47.074790	0.021242793	16.438702	16.482376	44.314115	58.890516	82.404370	1286.3611	-0.068803548	125.49538	0.65021682	0.034508760	liquid
487.54997	2.0812531	47.031739	0.021262237	16.489645	16.533897	44.418753	58.851989	82.474626	1284.2062	-0.067788831	125.11239	0.64973542	0.034364648	liquid
488.17320	2.1067961	46.988565	0.021281774	16.540625	16.585461	44.523333	58.813586	82.545485	1282.0436	-0.066766390	124.73163	0.64925074	0.034220465	liquid
488.79643	2.1325811	46.945266	0.021301402	16.591642	16.637069	44.627858	58.775306	82.616955	1279.8733	-0.065736140	124.35307	0.64876280	0.034076211	liquid
489.41965	2.1586098	46.901842	0.021321124	16.642697	16.688721	44.732328	58.737151	82.689040	1277.6954	-0.064697996	123.97669	0.64827160	0.033931888	liquid
490.04288	2.1848836	46.858291	0.021340940	16.693789	16.740417	44.836744	58.699120	82.761748	1275.5099	-0.063651871	123.60248	0.64777714	0.033787496	liquid
490.66611	2.2114043	46.814615	0.021360851	16.744920	16.792158	44.941106	58.661213	82.835085	1273.3168	-0.062597678	123.23040	0.64727942	0.033643036	liquid
491.28933	2.2381732	46.770812	0.021380856	16.796089	16.843943	45.045416	58.623430	82.909058	1271.1160	-0.061535328	122.86044	0.64677846	0.033498509	liquid
491.91256	2.2651921	46.726881	0.021400958	16.847297	16.895774	45.149673	58.585773	82.983674	1268.9075	-0.060464730	122.49256	0.64627424	0.033353916	liquid
492.53579	2.2924625	46.682821	0.021421156	16.898544	16.947651	45.253880	58.548240	83.058938	1266.6914	-0.059385793	122.12675	0.64576678	0.033209257	liquid
493.15901	2.3199860	46.638633	0.021441452	16.949830	16.999574	45.358035	58.510833	83.134860	1264.4677	-0.058298424	121.76299	0.64525608	0.033064534	liquid
493.78224	2.3477642	46.594316	0.021461845	17.001156	17.051543	45.462141	58.473551	83.211444	1262.2363	-0.057202529	121.40125	0.64474213	0.032919748	liquid
494.40547	2.3757987	46.549868	0.021482338	17.052521	17.103559	45.566198	58.436394	83.288699	1259.9972	-0.056098013	121.04151	0.64422495	0.032774899	liquid
495.02869	2.4040910	46.505290	0.021502930	17.103927	17.155622	45.670207	58.399364	83.366632	1257.7504	-0.054984778	120.68375	0.64370454	0.032629988	liquid
495.65192	2.4326428	46.460580	0.021523623	17.155373	17.207732	45.774168	58.362460	83.445251	1255.4960	-0.053862727	120.32795	0.64318090	0.032485017	liquid
496.27515	2.4614557	46.415738	0.021544417	17.206860	17.259890	45.878082	58.325682	83.524562	1253.2339	-0.052731759	119.97409	0.64265403	0.032339986	liquid
496.89837	2.4905313	46.370763	0.021565312	17.258388	17.312097	45.981951	58.289031	83.604574	1250.9641	-0.051591774	119.62214	0.64212394	0.032194895	liquid
497.52160	2.5198712	46.325655	0.021586311	17.309957	17.364352	46.085774	58.252507	83.685294	1248.6866	-0.050442669	119.27209	0.64159062	0.032049747	liquid
498.14483	2.5494771	46.280413	0.021607413	17.361568	17.416655	46.189552	58.216110	83.766731	1246.4015	-0.049284340	118.92391	0.64105408	0.031904541	liquid
498.76805	2.5793506	46.235036	0.021628619	17.413221	17.469009	46.293287	58.179840	83.848892	1244.1086	-0.048116682	118.57759	0.64051432	0.031759280	liquid
499.39128	2.6094933	46.189524	0.021649931	17.464916	17.521411	46.396979	58.143699	83.931786	1241.8080	-0.046939586	118.23310	0.63997135	0.031613963	liquid
500.01451	2.6399069	46.143875	0.021671348	17.516654	17.573864	46.500629	58.107686	84.015420	1239.4996	-0.045752945	117.89042	0.63942517	0.031468592	liquid
500.63773	2.6705930	46.098090	0.021692873	17.568435	17.626368	46.604238	58.071801	84.099804	1237.1836	-0.044556648	117.54954	0.63887577	0.031323167	liquid
501.26096	2.7015532	46.052166	0.021714505	17.620259	17.678922	46.707806	58.036045	84.184946	1234.8598	-0.043350583	117.21043	0.63832317	0.031177690	liquid
501.88419	2.7327892	46.006105	0.021736246	17.672127	17.731527	46.811334	58.000419	84.270855	1232.5283	-0.042134636	116.87307	0.63776736	0.031032162	liquid
502.50741	2.7643027	45.959904	0.021758096	17.724039	17.784185	46.914823	57.964922	84.357539	1230.1890	-0.040908691	116.53745	0.63720834	0.030886583	liquid
503.13064	2.7960954	45.913563	0.021780057	17.775995	17.836894	47.018274	57.929555	84.445009	1227.8419	-0.039672632	116.20355	0.63664612	0.030740955	liquid
503.75387	2.8281688	45.867081	0.021802128	17.827995	17.889655	47.121687	57.894318	84.533272	1225.4871	-0.038426340	115.87134	0.63608069	0.030595278	liquid
504.37709	2.8605248	45.820458	0.021824312	17.880041	17.942470	47.225064	57.859212	84.622339	1223.1245	-0.037169693	115.54081	0.63551207	0.030449554	liquid
505.00032	2.8931649	45.773693	0.021846610	17.932132	17.995338	47.328406	57.824237	84.712219	1220.7541	-0.035902570	115.21194	0.63494024	0.030303783	liquid
505.62355	2.9260908	45.726785	0.021869021	17.984269	18.048259	47.431712	57.789393	84.802921	1218.3759	-0.034624845	114.88472	0.63436522	0.030157967	liquid
506.24677	2.9593043	45.679732	0.021891547	18.036451	18.101235	47.534984	57.754682	84.894457	1215.9899	-0.033336392	114.55911	0.63378700	0.030012106	liquid
506.87000	2.9928070	45.632536	0.021914189	18.088680	18.154265	47.638223	57.720102	84.986834	1213.5961	-0.032037082	114.23511	0.63320559	0.029866202	liquid
507.49323	3.0266006	45.585193	0.021936948	18.140956	18.207351	47.741429	57.685656	85.080065	1211.1944	-0.030726786	113.91270	0.63262098	0.029720255	liquid
508.11645	3.0606868	45.537704	0.021959825	18.193279	18.260491	47.844603	57.651343	85.174160	1208.7849	-0.029405370	113.59186	0.63203318	0.029574267	liquid
508.73968	3.0950674	45.490068	0.021982820	18.245649	18.313688	47.947747	57.617163	85.269128	1206.3676	-0.028072700	113.27256	0.63144218	0.029428239	liquid
509.36291	3.1297441	45.442284	0.022005936	18.298068	18.366941	48.050861	57.583118	85.364981	1203.9424	-0.026728639	112.95481	0.63084800	0.029282171	liquid
509.98613	3.1647185	45.394351	0.022029173	18.350534	18.420250	48.153946	57.549207	85.461730	1201.5093	-0.025373049	112.63856	0.63025062	0.029136065	liquid
510.60936	3.1999924	45.346268	0.022052531	18.403049	18.473617	48.257002	57.515432	85.559386	1199.0682	-0.024005788	112.32382	0.62965005	0.028989921	liquid
511.23259	3.2355675	45.298034	0.022076013	18.455613	18.527042	48.360031	57.481792	85.657960	1196.6193	-0.022626712	112.01056	0.62904630	0.028843741	liquid
511.85581	3.2714456	45.249649	0.022099619	18.508227	18.580525	48.463033	57.448288	85.757465	1194.1625	-0.021235677	111.69877	0.62843935	0.028697527	liquid
512.47904	3.3076285	45.201111	0.022123350	18.560890	18.634066	48.566010	57.414922	85.857911	1191.6977	-0.019832534	111.38842	0.62782921	0.028551278	liquid
513.10227	3.3441177	45.152420	0.022147207	18.613603	18.687666	48.668962	57.381692	85.959312	1189.2250	-0.018417133	111.07951	0.62721589	0.028404996	liquid
513.72549	3.3809152	45.103574	0.022171192	18.666367	18.741326	48.771890	57.348601	86.061678	1186.7443	-0.016989320	110.77201	0.62659937	0.028258682	liquid
514.34872	3.4180226	45.054573	0.022195305	18.719182	18.795046	48.874794	57.315648	86.165024	1184.2556	-0.015548941	110.46591	0.62597967	0.028112338	liquid
514.97195	3.4554417	45.005415	0.022219548	18.772049	18.848827	48.977677	57.282834	86.269361	1181.7590	-0.014095837	110.16120	0.62535677	0.027965963	liquid
515.59517	3.4931744	44.956100	0.022243922	18.824967	18.902669	49.080538	57.250160	86.374702	1179.2543	-0.012629847	109.85785	0.62473069	0.027819561	liquid
516.21840	3.5312222	44.906627	0.022268428	18.877937	18.956572	49.183380	57.217626	86.481061	1176.7416	-0.011150809	109.55586	0.62410142	0.027673130	liquid
516.84163	3.5695871	44.856994	0.022293068	18.930960	19.010537	49.286201	57.185234	86.588452	1174.2208	-0.0096585567	109.25519	0.62346896	0.027526674	liquid
517.46485	3.6082708	44.807201	0.022317841	18.984036	19.064565	49.389004	57.152983	86.696887	1171.6920	-0.0081529209	108.95585	0.62283330	0.027380192	liquid
518.08808	3.6472752	44.757247	0.022342751	19.037166	19.118656	49.491790	57.120875	86.806381	1169.1551	-0.0066337302	108.65782	0.62219446	0.027233686	liquid
518.71131	3.6866019	44.707130	0.022367797	19.090349	19.172810	49.594559	57.088909	86.916949	1166.6101	-0.0051008100	108.36107	0.62155242	0.027087158	liquid
519.33453	3.7262528	44.656849	0.022392981	19.143587	19.227029	49.697312	57.057088	87.028604	1164.0569	-0.0035539829	108.06559	0.62090719	0.026940607	liquid
519.95776	3.7662297	44.606404	0.022418305	19.196880	19.281312	49.800050	57.025411	87.141362	1161.4956	-0.0019930683	107.77138	0.62025876	0.026794036	liquid
520.58099	3.8065344	44.555794	0.022443770	19.250228	19.335661	49.902775	56.993879	87.255238	1158.9262	-0.00041788268	107.47840	0.61960714	0.026647446	liquid
521.20421	3.8471687	44.505016	0.022469377	19.303631	19.390075	50.005486	56.962493	87.370247	1156.3486	0.0011717608	107.18666	0.61895232	0.026500837	liquid
521.82744	3.8881345	44.454071	0.022495128	19.357091	19.444555	50.108186	56.931255	87.486405	1153.7628	0.0027760521	106.89613	0.61829430	0.026354212	liquid
522.45067	3.9294335	44.402957	0.022521023	19.410608	19.499103	50.210875	56.900164	87.603728	1151.1687	0.0043951846	106.60679	0.61763308	0.026207570	liquid
523.07389	3.9710676	44.351672	0.022547064	19.464182	19.553718	50.313554	56.869221	87.722233	1148.5664	0.0060293549	106.31864	0.61696866	0.026060914	liquid
523.69712	4.0130387	44.300216	0.022573253	19.517813	19.608401	50.416223	56.838428	87.841935	1145.9559	0.0076787631	106.03166	0.61630104	0.025914245	liquid
524.32035	4.0553486	44.248587	0.022599591	19.571503	19.663152	50.518885	56.807786	87.962853	1143.3370	0.0093436130	105.74584	0.61563021	0.025767564	liquid
524.94357	4.0979990	44.196785	0.022626080	19.625251	19.717972	50.621540	56.777294	88.085003	1140.7099	0.011024112	105.46115	0.61495617	0.025620871	liquid
525.56680	4.1409920	44.144808	0.022652721	19.679058	19.772863	50.724190	56.746955	88.208404	1138.0744	0.012720471	105.17759	0.61427893	0.025474169	liquid
526.19003	4.1843293	44.092654	0.022679515	19.732925	19.827823	50.826834	56.716768	88.333072	1135.4305	0.014432904	104.89514	0.61359847	0.025327459	liquid
526.81325	4.2280128	44.040324	0.022706463	19.786852	19.882855	50.929474	56.686736	88.459028	1132.7783	0.016161630	104.61379	0.61291480	0.025180741	liquid
527.43648	4.2720444	43.987814	0.022733569	19.840840	19.937958	51.032112	56.656858	88.586289	1130.1176	0.017906873	104.33353	0.61222791	0.025034018	liquid
528.05971	4.3164259	43.935124	0.022760832	19.894888	19.993134	51.134748	56.627137	88.714876	1127.4485	0.019668857	104.05433	0.61153780	0.024887290	liquid
528.68293	4.3611593	43.882253	0.022788255	19.948999	20.048382	51.237383	56.597572	88.844806	1124.7710	0.021447814	103.77620	0.61084447	0.024740559	liquid
529.30616	4.4062464	43.829200	0.022815840	20.003172	20.103704	51.340018	56.568165	88.976102	1122.0849	0.023243980	103.49910	0.61014791	0.024593825	liquid
529.92939	4.4516892	43.775962	0.022843587	20.057407	20.159100	51.442655	56.538918	89.108783	1119.3904	0.025057592	103.22303	0.60944812	0.024447092	liquid
530.55261	4.4974894	43.722539	0.022871499	20.111706	20.214570	51.545295	56.509831	89.242870	1116.6873	0.026888895	102.94798	0.60874510	0.024300358	liquid
531.17584	4.5436491	43.668930	0.022899577	20.166069	20.270116	51.647938	56.480905	89.378384	1113.9756	0.028738137	102.67393	0.60803884	0.024153627	liquid
531.79907	4.5901702	43.615132	0.022927822	20.220496	20.325738	51.750586	56.452142	89.515348	1111.2553	0.030605570	102.40087	0.60732935	0.024006900	liquid
532.42229	4.6370545	43.561145	0.022956238	20.274988	20.381437	51.853240	56.423543	89.653783	1108.5263	0.032491453	102.12878	0.60661661	0.023860176	liquid
533.04552	4.6843040	43.506966	0.022984825	20.329546	20.437214	51.955901	56.395108	89.793713	1105.7887	0.034396047	101.85766	0.60590062	0.023713460	liquid
533.66875	4.7319207	43.452596	0.023013585	20.384170	20.493068	52.058571	56.366840	89.935161	1103.0425	0.036319620	101.58749	0.60518138	0.023566750	liquid
534.29197	4.7799064	43.398031	0.023042520	20.438860	20.549002	52.161249	56.338739	90.078150	1100.2874	0.038262445	101.31825	0.60445889	0.023420050	liquid
534.91520	4.8282631	43.343271	0.023071632	20.493619	20.605015	52.263938	56.310807	90.222705	1097.5236	0.040224798	101.04993	0.60373313	0.023273359	liquid
535.53843	4.8769928	43.288313	0.023100923	20.548445	20.661108	52.366639	56.283045	90.368851	1094.7511	0.042206963	100.78252	0.60300411	0.023126681	liquid
536.16165	4.9260975	43.233158	0.023130395	20.603340	20.717282	52.469353	56.255455	90.516613	1091.9697	0.044209228	100.51602	0.60227182	0.022980015	liquid
536.78488	4.9755790	43.177802	0.023160049	20.658304	20.773538	52.572081	56.228037	90.666018	1089.1794	0.046231887	100.25039	0.60153625	0.022833364	liquid
537.40811	5.0254394	43.122244	0.023189888	20.713338	20.829877	52.674825	56.200794	90.817091	1086.3802	0.048275239	99.985636	0.60079741	0.022686729	liquid
538.03133	5.0756806	43.066483	0.023219913	20.768442	20.886299	52.777585	56.173726	90.969861	1083.5721	0.050339591	99.721741	0.60005527	0.022540112	liquid
538.65456	5.1263047	43.010517	0.023250127	20.823618	20.942805	52.880363	56.146836	91.124354	1080.7550	0.052425254	99.458692	0.59930985	0.022393514	liquid
539.27779	5.1773136	42.954345	0.023280532	20.878865	20.999396	52.983160	56.120124	91.280600	1077.9290	0.054532545	99.196477	0.59856113	0.022246936	liquid
539.90101	5.2287092	42.897964	0.023311130	20.934185	21.056073	53.085978	56.093593	91.438627	1075.0938	0.056661789	98.935082	0.59780911	0.022100380	liquid
540.52424	5.2804938	42.841373	0.023341922	20.989579	21.112836	53.188817	56.067244	91.598465	1072.2496	0.058813315	98.674495	0.59705377	0.021953847	liquid
541.14747	5.3326691	42.784570	0.023372912	21.045046	21.169686	53.291680	56.041078	91.760145	1069.3963	0.060987462	98.414705	0.59629513	0.021807340	liquid
541.77069	5.3852374	42.727553	0.023404102	21.100588	21.226624	53.394566	56.015098	91.923698	1066.5338	0.063184572	98.155698	0.59553315	0.021660859	liquid
542.39392	5.4382005	42.670321	0.023435493	21.156205	21.283652	53.497479	55.989305	92.089156	1063.6621	0.065404996	97.897463	0.59476786	0.021514406	liquid
543.01715	5.4915605	42.612871	0.023467088	21.211898	21.340769	53.600419	55.963700	92.256551	1060.7811	0.067649093	97.639986	0.59399922	0.021367983	liquid
543.64037	5.5453195	42.555203	0.023498889	21.267668	21.397977	53.703387	55.938287	92.425917	1057.8909	0.069917228	97.383257	0.59322724	0.021221591	liquid
544.26360	5.5994795	42.497313	0.023530899	21.323516	21.455277	53.806385	55.913065	92.597289	1054.9913	0.072209773	97.127261	0.59245191	0.021075232	liquid
544.88683	5.6540426	42.439201	0.023563121	21.379442	21.512669	53.909414	55.888038	92.770701	1052.0824	0.074527109	96.871988	0.59167322	0.020928907	liquid
545.51005	5.7090108	42.380863	0.023595555	21.435447	21.570154	54.012476	55.863207	92.946190	1049.1640	0.076869623	96.617425	0.59089117	0.020782618	liquid
546.13328	5.7643862	42.322298	0.023628206	21.491532	21.627734	54.115572	55.838575	93.123792	1046.2362	0.079237714	96.363560	0.59010574	0.020636368	liquid
546.75651	5.8201709	42.263505	0.023661076	21.547697	21.685409	54.218704	55.814143	93.303545	1043.2989	0.081631784	96.110381	0.58931692	0.020490156	liquid
547.37973	5.8763670	42.204480	0.023694167	21.603944	21.743180	54.321873	55.789913	93.485488	1040.3520	0.084052247	95.857876	0.58852472	0.020343986	liquid
548.00296	5.9329766	42.145222	0.023727482	21.660273	21.801048	54.425081	55.765888	93.669660	1037.3955	0.086499525	95.606033	0.58772911	0.020197858	liquid
548.62619	5.9900017	42.085729	0.023761024	21.716686	21.859014	54.528328	55.742069	93.856102	1034.4293	0.088974050	95.354840	0.58693010	0.020051775	liquid
549.24941	6.0474446	42.025998	0.023794795	21.773182	21.917080	54.631618	55.718460	94.044855	1031.4534	0.091476260	95.104284	0.58612766	0.019905739	liquid
549.87264	6.1053072	41.966028	0.023828798	21.829763	21.975245	54.734951	55.695061	94.235963	1028.4678	0.094006607	94.854354	0.58532180	0.019759750	liquid
550.49587	6.1635918	41.905816	0.023863036	21.886430	22.033512	54.838329	55.671877	94.429470	1025.4724	0.096565547	94.605039	0.58451250	0.019613810	liquid
551.11909	6.2223004	41.845359	0.023897512	21.943183	22.091881	54.941753	55.648908	94.625419	1022.4671	0.099153552	94.356325	0.58369975	0.019467923	liquid
551.74232	6.2814353	41.784657	0.023932230	22.000024	22.150353	55.045225	55.626158	94.823857	1019.4519	0.10177110	94.108202	0.58288353	0.019322088	liquid
552.36555	6.3409986	41.723705	0.023967191	22.056953	22.208929	55.148747	55.603629	95.024833	1016.4267	0.10441868	93.860657	0.58206385	0.019176309	liquid
552.98877	6.4009924	41.662502	0.024002399	22.113972	22.267611	55.252321	55.581323	95.228393	1013.3915	0.10709680	93.613678	0.58124069	0.019030586	liquid
553.61200	6.4614188	41.601045	0.024037857	22.171080	22.326399	55.355948	55.559244	95.434588	1010.3463	0.10980596	93.367253	0.58041403	0.018884923	liquid
554.23523	6.5222802	41.539333	0.024073569	22.228280	22.385295	55.459630	55.537393	95.643468	1007.2909	0.11254669	93.121371	0.57958387	0.018739319	liquid
554.85845	6.5835787	41.477361	0.024109538	22.285572	22.444299	55.563368	55.515775	95.855088	1004.2253	0.11531952	92.876020	0.57875019	0.018593779	liquid
555.48168	6.6453164	41.415128	0.024145766	22.342958	22.503414	55.667165	55.494391	96.069499	1001.1494	0.11812501	92.631188	0.57791299	0.018448302	liquid
556.10491	6.7074957	41.352632	0.024182258	22.400437	22.562640	55.771023	55.473244	96.286758	998.06328	0.12096370	92.386862	0.57707224	0.018302893	liquid
556.72813	6.7701186	41.289868	0.024219016	22.458012	22.621978	55.874942	55.452338	96.506922	994.96675	0.12383618	92.143031	0.57622793	0.018157551	liquid
557.35136	6.8331875	41.226836	0.024256045	22.515683	22.681429	55.978926	55.431676	96.730049	991.85978	0.12674302	91.899684	0.57538006	0.018012279	liquid
557.97459	6.8967045	41.163531	0.024293348	22.573452	22.740996	56.082975	55.411260	96.956198	988.74232	0.12968483	91.656807	0.57452861	0.017867080	liquid
558.59781	6.9606719	41.099952	0.024330929	22.631319	22.800678	56.187092	55.391095	97.185432	985.61429	0.13266221	91.414390	0.57367356	0.017721955	liquid
559.22104	7.0250920	41.036094	0.024368791	22.689285	22.860478	56.291280	55.371182	97.417813	982.47564	0.13567580	91.172420	0.57281490	0.017576906	liquid
559.84427	7.0899671	40.971957	0.024406938	22.747352	22.920397	56.395539	55.351527	97.653408	979.32630	0.13872624	90.930886	0.57195261	0.017431936	liquid
560.46749	7.1552994	40.907535	0.024445374	22.805521	22.980435	56.499871	55.332132	97.892282	976.16619	0.14181417	90.689775	0.57108669	0.017287046	liquid
561.09072	7.2210911	40.842827	0.024484103	22.863793	23.040595	56.604280	55.313000	98.134505	972.99526	0.14494028	90.449075	0.57021710	0.017142238	liquid
561.71395	7.2873447	40.777829	0.024523130	22.922169	23.100877	56.708767	55.294137	98.380148	969.81342	0.14810525	90.208774	0.56934385	0.016997515	liquid
562.33717	7.3540624	40.712538	0.024562458	22.980650	23.161284	56.813334	55.275544	98.629283	966.62062	0.15130978	89.968860	0.56846691	0.016852879	liquid
562.96040	7.4212465	40.646952	0.024602091	23.039238	23.221816	56.917983	55.257227	98.881986	963.41678	0.15455460	89.729322	0.56758626	0.016708331	liquid
563.58363	7.4888994	40.581065	0.024642034	23.097934	23.282476	57.022717	55.239188	99.138334	960.20182	0.15784044	89.490146	0.56670189	0.016563875	liquid
564.20685	7.5570233	40.514876	0.024682292	23.156739	23.343264	57.127537	55.221434	99.398406	956.97568	0.16116806	89.251321	0.56581378	0.016419512	liquid
564.83008	7.6256207	40.448381	0.024722868	23.215654	23.404181	57.232447	55.203966	99.662283	953.73827	0.16453823	89.012834	0.56492192	0.016275244	liquid
565.45331	7.6946940	40.381577	0.024763768	23.274681	23.465231	57.337448	55.186790	99.930051	950.48952	0.16795175	88.774673	0.56402627	0.016131075	liquid
566.07653	7.7642454	40.314459	0.024804996	23.333822	23.526414	57.442542	55.169911	100.20180	947.22935	0.17140943	88.536826	0.56312684	0.015987005	liquid
566.69976	7.8342774	40.247025	0.024846557	23.393076	23.587731	57.547733	55.153332	100.47761	943.95768	0.17491211	88.299281	0.56222358	0.015843038	liquid
567.32299	7.9047924	40.179270	0.024888456	23.452447	23.649185	57.653022	55.137059	100.75758	940.67444	0.17846063	88.062024	0.56131650	0.015699176	liquid
567.94621	7.9757928	40.111191	0.024930698	23.511934	23.710777	57.758413	55.121096	101.04180	937.37953	0.18205587	87.825044	0.56040555	0.015555420	liquid
568.56944	8.0472810	40.042784	0.024973288	23.571541	23.772508	57.863906	55.105448	101.33038	934.07288	0.18569874	87.588327	0.55949074	0.015411775	liquid
569.19267	8.1192595	39.974045	0.025016232	23.631268	23.834381	57.969507	55.090120	101.62340	930.75440	0.18939015	87.351862	0.55857202	0.015268241	liquid
569.81589	8.1917307	39.904971	0.025059535	23.691116	23.896397	58.075216	55.075118	101.92099	927.42400	0.19313104	87.115634	0.55764939	0.015124822	liquid
570.43912	8.2646970	39.835556	0.025103202	23.751088	23.958559	58.181036	55.060446	102.22323	924.08160	0.19692239	86.879633	0.55672282	0.014981520	liquid
571.06235	8.3381610	39.765798	0.025147239	23.811185	24.020867	58.286971	55.046112	102.53026	920.72711	0.20076519	86.643844	0.55579228	0.014838337	liquid
571.68557	8.4121251	39.695691	0.025191651	23.871408	24.083324	58.393023	55.032119	102.84217	917.36043	0.20466046	86.408254	0.55485775	0.014695276	liquid
572.30880	8.4865919	39.625231	0.025236446	23.931760	24.145931	58.499195	55.018474	103.15908	913.98148	0.20860924	86.172851	0.55391922	0.014552340	liquid
572.93203	8.5615638	39.554414	0.025281628	23.992241	24.208692	58.605489	55.005183	103.48113	910.59016	0.21261260	85.937621	0.55297664	0.014409532	liquid
573.55525	8.6370435	39.483236	0.025327205	24.052854	24.271606	58.711910	54.992252	103.80844	907.18637	0.21667166	85.702551	0.55203001	0.014266853	liquid
574.17848	8.7130333	39.411692	0.025373181	24.113600	24.334678	58.818459	54.979687	104.14112	903.77002	0.22078754	85.467627	0.55107929	0.014124307	liquid
574.80171	8.7895360	39.339776	0.025419565	24.174482	24.397908	58.925140	54.967496	104.47933	900.34101	0.22496141	85.232837	0.55012446	0.013981896	liquid
575.42493	8.8665540	39.267485	0.025466362	24.235500	24.461299	59.031956	54.955684	104.82320	896.89923	0.22919445	84.998166	0.54916548	0.013839624	liquid
576.04816	8.9440901	39.194813	0.025513580	24.296657	24.524853	59.138910	54.944260	105.17287	893.44459	0.23348791	84.763600	0.54820234	0.013697492	liquid
576.67139	9.0221466	39.121755	0.025561225	24.357955	24.588572	59.246006	54.933229	105.52849	889.97697	0.23784303	84.529126	0.54723501	0.013555504	liquid
577.29461	9.1007264	39.048307	0.025609305	24.419395	24.652458	59.353247	54.922600	105.89022	886.49628	0.24226111	84.294730	0.54626345	0.013413664	liquid
577.91784	9.1798321	38.974462	0.025657827	24.480980	24.716515	59.460636	54.912380	106.25821	883.00240	0.24674349	84.060397	0.54528763	0.013271972	liquid
578.54107	9.2594662	38.900216	0.025706798	24.542712	24.780743	59.568177	54.902577	106.63264	879.49522	0.25129153	83.826113	0.54430753	0.013130433	liquid
579.16429	9.3396315	38.825563	0.025756227	24.604592	24.845146	59.675873	54.893199	107.01366	875.97462	0.25590665	83.591863	0.54332312	0.012989050	liquid
579.78752	9.4203307	38.750497	0.025806121	24.666624	24.909726	59.783728	54.884254	107.40147	872.44050	0.26059029	83.357634	0.54233436	0.012847826	liquid
580.41075	9.5015664	38.675012	0.025856488	24.728809	24.974486	59.891746	54.875751	107.79623	868.89274	0.26534395	83.123409	0.54134122	0.012706763	liquid
581.03397	9.5833415	38.599103	0.025907338	24.791149	25.039427	59.999931	54.867700	108.19815	865.33120	0.27016915	82.889175	0.54034367	0.012565866	liquid
581.65720	9.6656585	38.522764	0.025958677	24.853646	25.104554	60.108286	54.860109	108.60742	861.75578	0.27506749	82.654915	0.53934168	0.012425136	liquid
582.28043	9.7485204	38.445988	0.026010517	24.916304	25.169868	60.216815	54.852987	109.02424	858.16634	0.28004058	82.420614	0.53833520	0.012284578	liquid
582.90365	9.8319298	38.368769	0.026062864	24.979124	25.235372	60.325523	54.846346	109.44883	854.56275	0.28509010	82.186257	0.53732421	0.012144194	liquid
583.52688	9.9158896	38.291100	0.026115729	25.042109	25.301069	60.434414	54.840194	109.88141	850.94488	0.29021778	81.951829	0.53630867	0.012003989	liquid
584.15011	10.000403	38.212975	0.026169122	25.105261	25.366963	60.543492	54.834542	110.32221	847.31259	0.29542539	81.717311	0.53528855	0.011863965	liquid
584.77333	10.085472	38.134387	0.026223051	25.168583	25.433055	60.652761	54.829402	110.77146	843.66575	0.30071478	81.482690	0.53426380	0.011724125	liquid
585.39656	10.171100	38.055329	0.026277528	25.232078	25.499349	60.762227	54.824784	111.22942	840.00421	0.30608783	81.247947	0.53323439	0.011584474	liquid
586.01979	10.257289	37.975794	0.026332563	25.295748	25.565848	60.871893	54.820701	111.69634	836.32783	0.31154649	81.013067	0.53220027	0.011445015	liquid
586.64301	10.344044	37.895774	0.026388166	25.359596	25.632556	60.981764	54.817164	112.17249	832.63644	0.31709278	80.778031	0.53116142	0.011305752	liquid
587.26624	10.431366	37.815262	0.026444349	25.423625	25.699476	61.091845	54.814185	112.65815	828.92991	0.32272878	80.542823	0.53011778	0.011166688	liquid
587.88947	10.519258	37.734250	0.026501123	25.487838	25.766610	61.202141	54.811779	113.15361	825.20806	0.32845662	80.307426	0.52906932	0.011027826	liquid
588.51269	10.607724	37.652731	0.026558499	25.552238	25.833963	61.312658	54.809957	113.65918	821.47074	0.33427853	80.071820	0.52801599	0.010889171	liquid
589.13592	10.696767	37.570695	0.026616490	25.616828	25.901538	61.423400	54.808735	114.17517	817.71777	0.34019679	79.835988	0.52695776	0.010750727	liquid
589.75915	10.786389	37.488134	0.026675107	25.681610	25.969339	61.534372	54.808126	114.70191	813.94897	0.34621378	79.599911	0.52589457	0.010612498	liquid
590.38237	10.876594	37.405040	0.026734365	25.746590	26.037369	61.645581	54.808146	115.23975	810.16416	0.35233195	79.363571	0.52482639	0.010474487	liquid
591.00560	10.967384	37.321405	0.026794276	25.811769	26.105632	61.757032	54.808810	115.78905	806.36316	0.35855382	79.126947	0.52375316	0.010336698	liquid
591.62883	11.058763	37.237218	0.026854853	25.877151	26.174133	61.868731	54.810134	116.35018	802.54576	0.36488202	78.890020	0.52267485	0.010199136	liquid
592.25205	11.150734	37.152470	0.026916111	25.942740	26.242875	61.980683	54.812136	116.92354	798.71177	0.37131927	78.652771	0.52159140	0.010061805	liquid
592.87528	11.243300	37.067152	0.026978064	26.008539	26.311862	62.092896	54.814832	117.50954	794.86096	0.37786838	78.415177	0.52050277	0.0099247098	liquid
593.49851	11.336464	36.981254	0.027040727	26.074553	26.381099	62.205375	54.818241	118.10861	790.99313	0.38453227	78.177219	0.51940890	0.0097878538	liquid
594.12173	11.430229	36.894766	0.027104116	26.140784	26.450591	62.318126	54.822382	118.72120	787.10805	0.39131396	77.938874	0.51830975	0.0096512418	liquid
594.74496	11.524599	36.807676	0.027168246	26.207238	26.520341	62.431157	54.827275	119.34780	783.20546	0.39821660	77.700121	0.51720527	0.0095148783	liquid
595.36819	11.619577	36.719974	0.027233135	26.273917	26.590355	62.544475	54.832940	119.98890	779.28513	0.40524344	77.460938	0.51609541	0.0093787681	liquid
595.99141	11.715166	36.631649	0.027298798	26.340827	26.660637	62.658086	54.839398	120.64501	775.34679	0.41239789	77.221300	0.51498012	0.0092429157	liquid
596.61464	11.811369	36.542690	0.027365254	26.407971	26.731193	62.771998	54.846673	121.31670	771.39017	0.41968344	76.981184	0.51385933	0.0091073261	liquid
597.23787	11.908190	36.453083	0.027432522	26.475355	26.802027	62.886219	54.854787	122.00454	767.41498	0.42710378	76.740567	0.51273301	0.0089720041	liquid
597.86109	12.005632	36.362818	0.027500619	26.542982	26.873145	63.000756	54.863765	122.70915	763.42092	0.43466272	76.499422	0.51160109	0.0088369546	liquid
598.48432	12.103699	36.271880	0.027569566	26.610858	26.944552	63.115617	54.873633	123.43115	759.40766	0.44236422	76.257725	0.51046353	0.0087021829	liquid
599.10755	12.202394	36.180258	0.027639383	26.678988	27.016254	63.230812	54.884417	124.17124	755.37489	0.45021243	76.015449	0.50932026	0.0085676941	liquid
599.73077	12.301720	36.087936	0.027710091	26.747376	27.088258	63.346348	54.896146	124.93012	751.32225	0.45821166	75.772566	0.50817124	0.0084334935	liquid
600.35400	12.401682	35.994902	0.027781712	26.816028	27.160568	63.462234	54.908848	125.70855	747.24936	0.46636643	75.529049	0.50701640	0.0082995865	liquid
600.97723	12.502282	35.901140	0.027854269	26.884950	27.233191	63.578480	54.922555	126.50734	743.15585	0.47468144	75.284868	0.50585570	0.0081659787	liquid
601.60045	12.603524	35.806635	0.027927785	26.954146	27.306135	63.695096	54.937299	127.32732	739.04128	0.48316161	75.039995	0.50468907	0.0080326758	liquid
602.22368	12.705412	35.711372	0.028002285	27.023624	27.379405	63.812091	54.953114	128.16940	734.90524	0.49181209	74.794397	0.50351647	0.0078996836	liquid
602.84691	12.807949	35.615334	0.028077794	27.093390	27.453009	63.929476	54.970036	129.03452	730.74725	0.50063827	74.548044	0.50233783	0.0077670079	liquid
603.47013	12.911139	35.518503	0.028154340	27.163448	27.526953	64.047261	54.988102	129.92370	726.56682	0.50964580	74.300902	0.50115310	0.0076346548	liquid
604.09336	13.014987	35.420863	0.028231949	27.233808	27.601246	64.165458	55.007353	130.83801	722.36345	0.51884059	74.052937	0.49996223	0.0075026305	liquid
604.71659	13.119495	35.322395	0.028310651	27.304474	27.675895	64.284078	55.027830	131.77860	718.13658	0.52822885	73.804113	0.49876516	0.0073709414	liquid
605.33981	13.224668	35.223080	0.028390476	27.375454	27.750909	64.403134	55.049577	132.74667	713.88562	0.53781712	73.554394	0.49756183	0.0072395940	liquid
605.96304	13.330509	35.122897	0.028471456	27.446757	27.826296	64.522637	55.072642	133.74354	709.60997	0.54761225	73.303741	0.49635221	0.0071085949	liquid
606.58627	13.437022	35.021826	0.028553622	27.518389	27.902064	64.642602	55.097074	134.77058	705.30895	0.55762146	73.052114	0.49513623	0.0069779509	liquid
607.20949	13.544212	34.919845	0.028637011	27.590358	27.978224	64.763042	55.122925	135.82927	700.98188	0.56785233	72.799471	0.49391385	0.0068476691	liquid
607.83272	13.652082	34.816932	0.028721658	27.662674	28.054785	64.883971	55.150251	136.92120	696.62802	0.57831287	72.545772	0.49268503	0.0067177565	liquid
608.45595	13.760637	34.713062	0.028807600	27.735346	28.131756	65.005404	55.179111	138.04807	692.24657	0.58901151	72.290968	0.49144971	0.0065882206	liquid
609.07917	13.869880	34.608210	0.028894878	27.808381	28.209149	65.127358	55.209568	139.21170	687.83671	0.59995715	72.035014	0.49020786	0.0064590688	liquid
609.70240	13.979816	34.502351	0.028983532	27.881791	28.286975	65.249848	55.241690	140.41404	683.39754	0.61115921	71.777859	0.48895945	0.0063303090	liquid
610.32563	14.090449	34.395457	0.029073607	27.955585	28.365245	65.372891	55.275547	141.65719	678.92812	0.62262760	71.519452	0.48770444	0.0062019491	liquid
610.94885	14.201784	34.287498	0.029165149	28.029774	28.443971	65.496506	55.311216	142.94342	674.42745	0.63437285	71.259738	0.48644281	0.0060739973	liquid
611.57208	14.313824	34.178445	0.029258206	28.104369	28.523166	65.620713	55.348779	144.27516	669.89447	0.64640607	70.998660	0.48517453	0.0059464620	liquid
612.19531	14.426574	34.068266	0.029352829	28.179383	28.602844	65.745530	55.388323	145.65504	665.32806	0.65873903	70.736157	0.48389960	0.0058193519	liquid
612.81853	14.540038	33.956927	0.029449073	28.254828	28.683018	65.870979	55.429941	147.08589	660.72701	0.67138424	70.472168	0.48261801	0.0056926758	liquid
613.44176	14.654222	33.844391	0.029546993	28.330716	28.763704	65.997082	55.473735	148.57079	656.09006	0.68435492	70.206624	0.48132977	0.0055664430	liquid
614.06499	14.769129	33.730623	0.029646651	28.407063	28.844918	66.123863	55.519812	150.11307	651.41587	0.69766511	69.939455	0.48003489	0.0054406629	liquid
614.68821	14.884764	33.615582	0.029748109	28.483881	28.926675	66.251347	55.568288	151.71632	646.70302	0.71132975	69.670587	0.47873341	0.0053153452	liquid
615.31144	15.001133	33.499225	0.029851437	28.561188	29.008993	66.379559	55.619290	153.38445	641.95000	0.72536467	69.399941	0.47742536	0.0051905001	liquid
615.93467	15.118239	33.381509	0.029956704	28.638999	29.091892	66.508529	55.672953	155.12173	637.15524	0.73978671	69.127435	0.47611082	0.0050661379	liquid
616.55789	15.236088	33.262386	0.030063989	28.717332	29.175389	66.638284	55.729424	156.93277	632.31706	0.75461377	68.852979	0.47478986	0.0049422693	liquid
617.18112	15.354685	33.141806	0.030173371	28.796205	29.259508	66.768856	55.788861	158.82261	627.43369	0.76986491	68.576481	0.47346260	0.0048189055	liquid
617.80435	15.474034	33.019715	0.030284937	28.875638	29.344268	66.900279	55.851437	160.79676	622.50329	0.78556039	68.297840	0.47212916	0.0046960579	liquid
618.42757	15.594141	32.896057	0.030398780	28.955651	29.429694	67.032587	55.917340	162.86122	617.52391	0.80172177	68.016952	0.47078970	0.0045737383	liquid
619.05080	15.715012	32.770771	0.030514998	29.036268	29.515811	67.165819	55.986774	165.02257	612.49349	0.81837201	67.733703	0.46944443	0.0044519592	liquid
619.67403	15.836650	32.643792	0.030633696	29.117511	29.602646	67.300014	56.059961	167.28800	607.40991	0.83553558	67.447975	0.46809358	0.0043307333	liquid
620.29725	15.959062	32.515052	0.030754987	29.199405	29.690226	67.435215	56.137143	169.66540	602.27092	0.85323848	67.159640	0.46673745	0.0042100738	liquid
620.92048	16.082252	32.384477	0.030878992	29.281978	29.778582	67.571468	56.218586	172.16346	597.07421	0.87150845	66.868563	0.46537636	0.0040899945	liquid
621.54371	16.206227	32.251987	0.031005841	29.365258	29.867746	67.708820	56.304581	174.79170	591.81734	0.89037498	66.574598	0.46401073	0.0039705097	liquid
622.16693	16.330993	32.117500	0.031135673	29.449276	29.957752	67.847325	56.395447	177.56064	586.49783	0.90986950	66.277592	0.46264102	0.0038516342	liquid
622.79016	16.456554	31.980925	0.031268639	29.534064	30.048638	67.987037	56.491533	180.48185	581.11307	0.93002540	65.977379	0.46126779	0.0037333837	liquid
623.41339	16.582916	31.842165	0.031404900	29.619658	30.140442	68.128017	56.593223	183.56814	575.66043	0.95087825	65.673785	0.45989170	0.0036157742	liquid
624.03661	16.710086	31.701117	0.031544630	29.706094	30.233208	68.270327	56.700943	186.83365	570.13718	0.97246580	65.366620	0.45851351	0.0034988226	liquid
624.65984	16.838070	31.557670	0.031688018	29.793414	30.326979	68.414037	56.815158	190.29406	564.54056	0.99482818	65.055684	0.45713410	0.0033825467	liquid
625.28307	16.966873	31.411704	0.031835268	29.881660	30.421805	68.559220	56.936383	193.96676	558.86781	1.0180080	64.740763	0.45575451	0.0032669648	liquid
625.90629	17.096502	31.263092	0.031986600	29.970879	30.517738	68.705954	57.065188	197.87109	553.11612	1.0420502	64.421628	0.45437596	0.0031520963	liquid
626.52952	17.226963	31.111696	0.032142253	30.061120	30.614834	68.854325	57.202202	202.02853	547.28277	1.0670026	64.098035	0.45299982	0.0030379615	liquid
627.15275	17.358263	30.957370	0.032302486	30.152437	30.713152	69.004423	57.348120	206.46306	541.36508	1.0929157	63.769724	0.45162774	0.0029245817	liquid
627.77597	17.490408	30.799955	0.032467580	30.244886	30.812758	69.156345	57.503713	211.20144	535.36048	1.1198423	63.436417	0.45026158	0.0028119795	liquid
628.39920	17.623405	30.639281	0.032637841	30.338530	30.913720	69.310198	57.669831	216.27360	529.26660	1.1478385	63.097819	0.44890353	0.0027001785	liquid
629.02243	17.757261	30.475168	0.032813601	30.433434	31.016113	69.466093	57.847417	221.71307	523.08132	1.1769626	62.753615	0.44755610	0.0025892036	liquid
629.64565	17.891984	30.307419	0.032995221	30.529668	31.120018	69.624152	58.037512	227.55753	516.80285	1.2072758	62.403473	0.44622218	0.0024790815	liquid
630.26888	18.027579	30.135827	0.033183095	30.627310	31.225520	69.784505	58.241265	233.84940	510.42982	1.2388415	62.047039	0.44490512	0.0023698400	liquid
630.89211	18.164057	29.960168	0.033377650	30.726440	31.332713	69.947292	58.459942	240.63655	503.96143	1.2717257	61.683939	0.44360875	0.0022615090	liquid
631.51533	18.301423	29.780204	0.033579354	30.827146	31.441695	70.112664	58.694934	247.97329	497.39759	1.3059962	61.313781	0.44233751	0.0021541202	liquid
632.13856	18.439686	29.595680	0.033788715	30.929522	31.552575	70.280783	58.947762	255.92142	490.73901	1.3417228	60.936148	0.44109645	0.0020477076	liquid
632.76179	18.578855	29.406325	0.034006289	31.033669	31.665467	70.451823	59.220086	264.55172	483.98747	1.3789766	60.550606	0.43989139	0.0019423074	liquid
633.38501	18.718939	29.211849	0.034232684	31.139697	31.780496	70.625973	59.513700	273.94588	477.14588	1.4178306	60.156698	0.43872903	0.0018379585	liquid
634.00824	18.859948	29.011943	0.034468563	31.247722	31.897797	70.803435	59.830536	284.19912	470.21852	1.4583591	59.753945	0.43761707	0.0017347028	liquid
634.63147	19.001891	28.806276	0.034714658	31.357872	32.017516	70.984430	60.172653	295.42380	463.21110	1.5006388	59.341842	0.43656448	0.0016325858	liquid
635.25469	19.144779	28.594489	0.034971773	31.470287	32.139814	71.169201	60.542227	307.75466	456.13079	1.5447502	58.919857	0.43558178	0.0015316566	liquid
635.87792	19.288625	28.376197	0.035240805	31.585121	32.264868	71.358015	60.941538	321.35643	448.98611	1.5907805	58.487421	0.43468153	0.0014319686	liquid
636.50115	19.433441	28.150968	0.035522758	31.702547	32.392877	71.551173	61.372960	336.43502	441.78651	1.6388286	58.043914	0.43387906	0.0013335807	liquid
637.12437	19.579241	27.918317	0.035818778	31.822764	32.524069	71.749020	61.838960	353.25431	434.54168	1.6890133	57.588641	0.43319362	0.0012365571	liquid
637.74760	19.726041	27.677680	0.036130195	31.946006	32.658712	71.951961	62.342138	372.16136	427.26026	1.7414853	57.120802	0.43265001	0.0011409694	liquid
638.37083	19.873857	27.428376	0.036458592	32.072556	32.797128	72.160486	62.885327	393.62460	419.94797	1.7964456	56.639430	0.43228113	0.0010468969	liquid
638.99405	20.022709	27.169555	0.036805903	32.202765	32.939719	72.375206	63.471811	418.29217	412.60485	1.8541697	56.143320	0.43213164	0.00095442874	liquid
639.61728	20.172618	26.900116	0.037174560	32.337087	33.086995	72.596900	64.105738	447.08236	405.22154	1.9150416	55.630912	0.43226325	0.00086366576	liquid
640.24051	20.323606	26.618595	0.037567723	32.476116	33.239627	72.826597	64.792870	481.32710	397.77434	1.9795969	55.100133	0.43276228	0.00077472312	liquid
640.86373	20.475699	26.322989	0.037989607	32.620653	33.398516	73.065677	65.541845	523.00719	390.21877	2.0485800	54.548185	0.43375087	0.00068773383	liquid
641.48696	20.628924	26.010510	0.038445998	32.771798	33.564897	73.316037	66.366341	575.15544	382.48105	2.1230193	53.971242	0.43540365	0.00060285366	liquid
642.11019	20.783311	25.677200	0.038945057	32.931091	33.740498	73.580335	67.288755	642.58513	374.44632	2.2043317	53.364042	0.43797422	0.00052026799	liquid
642.73341	20.938889	25.317338	0.039498623	33.100733	33.927790	73.862377	68.346711	733.29216	365.94144	2.2944759	52.719309	0.44183960	0.00044020181	liquid
643.35664	21.095690	24.922464	0.040124443	33.283953	34.130406	74.167757	69.605069	861.35766	356.70859	2.3961926	52.026919	0.44758071	0.00036293521	liquid
643.97987	21.253742	24.479714	0.040850151	33.485634	34.353853	74.504961	71.179252	1053.5057	346.36463	2.5133891	51.272680	0.45614186	0.00028882830	liquid
644.60309	21.413068	23.968881	0.041720763	33.713432	34.606801	74.887350	73.282951	1365.6583	334.34538	2.6517330	50.436543	0.46918642	0.00021836494	liquid
645.22632	21.573687	23.357059	0.042813609	33.979877	34.903525	75.336920	76.329448	1931.9779	319.86478	2.8193666	49.490221	0.49004737	0.00015223756	liquid
645.84955	21.735617	22.587618	0.044272043	34.306969	35.269249	75.892538	81.159949	3158.9667	302.02109	3.0269745	48.396400	0.52723473	9.1540445e-05	liquid
646.47277	21.898932	21.536122	0.046433616	34.745136	35.761983	76.643629	89.846820	7195.1936	280.02005	3.2867470	47.132496	0.61749538	3.8351381e-05	liquid
647.09600	22.064000	17.873728	0.055948037	36.313998	37.548435	79.392600	undefined	undefined	undefined	3.7410282	94.111352	undefined	undefined	liquid