
Temperature (K)	Pressure (MPa)	Density (mol/l)	Volume (l/mol)	Internal Energy (kJ/mol)	Enthalpy (kJ/mol)	Entropy (J/mol*K)	Cv (J/mol*K)	Cp (J/mol*K)	Sound Spd. (m/s)	Joule-Thomson (K/MPa)	Viscosity (uPa*s)	Therm. Cond. (W/m*K)	Phase
273.16000	0.00061165477	0.00026947008	3710.9871	42.784814	45.054657	164.93867	25.552562	33.947107	408.99952	592.64682	8.9457815	0.016760576	vapor
273.78323	0.00063991735	0.00028128439	3555.1208	42.800271	45.075255	164.63864	25.561846	33.958238	409.45151	580.97449	8.9636211	0.016800579	vapor
274.40645	0.00066933114	0.00029355046	3406.5694	42.815724	45.095847	164.34034	25.571176	33.969442	409.90283	569.54645	8.9815195	0.016840668	vapor
275.02968	0.00069993630	0.00030628283	3264.9561	42.831174	45.116435	164.04378	25.580552	33.980717	410.35350	558.35866	8.9994758	0.016880843	vapor
275.65291	0.00073177416	0.00031949643	3129.9254	42.846619	45.137018	163.74892	25.589972	33.992061	410.80352	547.40707	9.0174895	0.016921104	vapor
276.27613	0.00076488720	0.00033320656	3001.1414	42.862061	45.157596	163.45577	25.599435	34.003474	411.25288	536.68768	9.0355598	0.016961451	vapor
276.89936	0.00079931910	0.00034742890	2878.2868	42.877500	45.178169	163.16430	25.608938	34.014953	411.70160	526.19646	9.0536860	0.017001884	vapor
277.52259	0.00083511475	0.00036217952	2761.0617	42.892934	45.198737	162.87450	25.618481	34.026498	412.14968	515.92944	9.0718675	0.017042404	vapor
278.14581	0.00087232030	0.00037747490	2649.1827	42.908365	45.219300	162.58637	25.628061	34.038107	412.59711	505.88265	9.0901037	0.017083010	vapor
278.76904	0.00091098315	0.00039333192	2542.3820	42.923791	45.239858	162.29989	25.637679	34.049779	413.04391	496.05216	9.1083939	0.017123702	vapor
279.39227	0.00095115200	0.00040976785	2440.4062	42.939213	45.260411	162.01504	25.647331	34.061514	413.49006	486.43404	9.1267374	0.017164482	vapor
280.01549	0.00099287686	0.00042680040	2343.0156	42.954632	45.280958	161.73182	25.657018	34.073310	413.93558	477.02442	9.1451337	0.017205348	vapor
280.63872	0.0010362091	0.00044444769	2249.9836	42.970046	45.301499	161.45021	25.666738	34.085166	414.38047	467.81942	9.1635822	0.017246301	vapor
281.26195	0.0010812015	0.00046272828	2161.0955	42.985456	45.322035	161.17020	25.676490	34.097081	414.82473	458.81523	9.1820821	0.017287341	vapor
281.88517	0.0011279080	0.00048166117	2076.1483	43.000861	45.342565	160.89178	25.686273	34.109055	415.26835	450.00804	9.2006330	0.017328468	vapor
282.50840	0.0011763844	0.00050126579	1994.9496	43.016262	45.363090	160.61493	25.696086	34.121087	415.71135	441.39410	9.2192341	0.017369683	vapor
283.13163	0.0012266876	0.00052156203	1917.3175	43.031659	45.383608	160.33965	25.705927	34.133177	416.15372	432.96966	9.2378850	0.017410985	vapor
283.75485	0.0012788761	0.00054257023	1843.0794	43.047051	45.404121	160.06592	25.715798	34.145324	416.59546	424.73105	9.2565850	0.017452374	vapor
284.37808	0.0013330098	0.00056431121	1772.0718	43.062438	45.424627	159.79374	25.725695	34.157527	417.03658	416.67461	9.2753336	0.017493852	vapor
285.00131	0.0013891504	0.00058680625	1704.1400	43.077821	45.445127	159.52308	25.735620	34.169786	417.47708	408.79671	9.2941302	0.017535418	vapor
285.62453	0.0014473608	0.00061007710	1639.1371	43.093198	45.465621	159.25395	25.745571	34.182102	417.91695	401.09378	9.3129742	0.017577071	vapor
286.24776	0.0015077057	0.00063414602	1576.9239	43.108571	45.486108	158.98632	25.755548	34.194473	418.35621	393.56228	9.3318651	0.017618814	vapor
286.87099	0.0015702515	0.00065903574	1517.3684	43.123939	45.506589	158.72019	25.765551	34.206901	418.79484	386.19873	9.3508023	0.017660644	vapor
287.49421	0.0016350660	0.00068476949	1460.3454	43.139302	45.527064	158.45555	25.775578	34.219384	419.23285	378.99966	9.3697853	0.017702564	vapor
288.11744	0.0017022190	0.00071137103	1405.7362	43.154660	45.547531	158.19238	25.785631	34.231923	419.67024	371.96168	9.3888135	0.017744573	vapor
288.74067	0.0017717816	0.00073886460	1353.4280	43.170013	45.567991	157.93067	25.795708	34.244519	420.10701	365.08141	9.4078865	0.017786671	vapor
289.36389	0.0018438269	0.00076727498	1303.3137	43.185360	45.588445	157.67042	25.805810	34.257172	420.54316	358.35553	9.4270036	0.017828858	vapor
289.98712	0.0019184298	0.00079662748	1255.2919	43.200702	45.608891	157.41162	25.815937	34.269882	420.97869	351.78079	9.4461643	0.017871135	vapor
290.61035	0.0019956668	0.00082694792	1209.2660	43.216039	45.629331	157.15424	25.826088	34.282649	421.41359	345.35393	9.4653682	0.017913503	vapor
291.23357	0.0020756164	0.00085826270	1165.1444	43.231370	45.649762	156.89829	25.836264	34.295475	421.84788	339.07180	9.4846147	0.017955960	vapor
291.85680	0.0021583588	0.00089059874	1122.8401	43.246695	45.670187	156.64375	25.846466	34.308360	422.28155	332.93124	9.5039033	0.017998508	vapor
292.48003	0.0022439762	0.00092398351	1082.2704	43.262014	45.690603	156.39061	25.856692	34.321305	422.71459	326.92919	9.5232336	0.018041147	vapor
293.10325	0.0023325526	0.00095844506	1043.3566	43.277328	45.711012	156.13886	25.866945	34.334310	423.14702	321.06260	9.5426049	0.018083877	vapor
293.72648	0.0024241741	0.00099401200	1006.0241	43.292636	45.731413	155.88849	25.877224	34.347378	423.57882	315.32847	9.5620169	0.018126699	vapor
294.34971	0.0025189286	0.0010307135	970.20168	43.307938	45.751806	155.63950	25.887529	34.360508	424.00999	309.72388	9.5814690	0.018169612	vapor
294.97293	0.0026169062	0.0010685794	935.82189	43.323233	45.772191	155.39186	25.897862	34.373702	424.44054	304.24593	9.6009608	0.018212618	vapor
295.59616	0.0027181987	0.0011076400	902.82040	43.338523	45.792568	155.14558	25.908223	34.386962	424.87046	298.89178	9.6204917	0.018255716	vapor
296.21939	0.0028229005	0.0011479263	871.13608	43.353806	45.812936	154.90064	25.918613	34.400288	425.29975	293.65862	9.6400613	0.018298907	vapor
296.84261	0.0029311075	0.0011894698	840.71072	43.369082	45.833296	154.65704	25.929033	34.413683	425.72841	288.54372	9.6596692	0.018342191	vapor
297.46584	0.0030429181	0.0012323027	811.48892	43.384352	45.853647	154.41475	25.939483	34.427147	426.15644	283.54438	9.6793148	0.018385569	vapor
298.08907	0.0031584328	0.0012764578	783.41796	43.399616	45.873989	154.17378	25.949965	34.440683	426.58384	278.65794	9.6989977	0.018429040	vapor
298.71229	0.0032777542	0.0013219686	756.44763	43.414873	45.894322	153.93411	25.960480	34.454291	427.01060	273.88182	9.7187175	0.018472606	vapor
299.33552	0.0034009873	0.0013688690	730.53009	43.430122	45.914646	153.69574	25.971028	34.467975	427.43672	269.21345	9.7384736	0.018516266	vapor
299.95875	0.0035282391	0.0014171938	705.61980	43.445365	45.934961	153.45865	25.981611	34.481735	427.86220	264.65034	9.7582657	0.018560022	vapor
300.58197	0.0036596191	0.0014669783	681.67335	43.460601	45.955266	153.22284	25.992231	34.495573	428.28704	260.19003	9.7780933	0.018603873	vapor
301.20520	0.0037952391	0.0015182584	658.64939	43.475830	45.975562	152.98829	26.002888	34.509493	428.71123	255.83011	9.7979560	0.018647820	vapor
301.82843	0.0039352131	0.0015710709	636.50849	43.491051	45.995848	152.75500	26.013583	34.523494	429.13478	251.56822	9.8178532	0.018691864	vapor
302.45165	0.0040796576	0.0016254531	615.21308	43.506265	46.016124	152.52297	26.024319	34.537581	429.55767	247.40204	9.8377847	0.018736005	vapor
303.07488	0.0042286915	0.0016814429	594.72732	43.521471	46.036390	152.29217	26.035097	34.551755	429.97992	243.32932	9.8577498	0.018780243	vapor
303.69811	0.0043824362	0.0017390789	575.01703	43.536670	46.056645	152.06260	26.045918	34.566018	430.40150	239.34783	9.8777484	0.018824578	vapor
304.32133	0.0045410154	0.0017984007	556.04962	43.551861	46.076891	151.83425	26.056784	34.580372	430.82243	235.45539	9.8977798	0.018869012	vapor
304.94456	0.0047045556	0.0018594481	537.79399	43.567044	46.097126	151.60712	26.067696	34.594821	431.24269	231.64987	9.9178437	0.018913545	vapor
305.56779	0.0048731857	0.0019222620	520.22046	43.582219	46.117350	151.38120	26.078657	34.609366	431.66229	227.92920	9.9379396	0.018958178	vapor
306.19101	0.0050470370	0.0019868837	503.30071	43.597386	46.137563	151.15647	26.089667	34.624010	432.08122	224.29133	9.9580672	0.019002910	vapor
306.81424	0.0052262437	0.0020533556	487.00771	43.612545	46.157766	150.93292	26.100729	34.638756	432.49947	220.73426	9.9782261	0.019047743	vapor
307.43747	0.0054109424	0.0021217204	471.31563	43.627695	46.177957	150.71056	26.111844	34.653606	432.91705	217.25605	9.9984157	0.019092676	vapor
308.06069	0.0056012727	0.0021920218	456.19984	43.642837	46.198137	150.48937	26.123015	34.668564	433.33396	213.85477	10.018636	0.019137711	vapor
308.68392	0.0057973766	0.0022643042	441.63678	43.657970	46.218305	150.26934	26.134243	34.683631	433.75017	210.52857	10.038886	0.019182849	vapor
309.30715	0.0059993990	0.0023386125	427.60397	43.673095	46.238461	150.05047	26.145530	34.698810	434.16570	207.27561	10.059166	0.019228089	vapor
309.93037	0.0062074875	0.0024149927	414.07992	43.688210	46.258606	149.83274	26.156879	34.714105	434.58054	204.09411	10.079475	0.019273432	vapor
310.55360	0.0064217925	0.0024934914	401.04409	43.703317	46.278739	149.61616	26.168290	34.729518	434.99469	200.98233	10.099813	0.019318879	vapor
311.17683	0.0066424674	0.0025741559	388.47686	43.718414	46.298859	149.40070	26.179766	34.745052	435.40813	197.93856	10.120179	0.019364431	vapor
311.80005	0.0068696683	0.0026570343	376.35946	43.733502	46.318967	149.18636	26.191310	34.760710	435.82087	194.96114	10.140573	0.019410088	vapor
312.42328	0.0071035543	0.0027421756	364.67395	43.748581	46.339062	148.97314	26.202923	34.776496	436.23291	192.04843	10.160995	0.019455850	vapor
313.04651	0.0073442874	0.0028296293	353.40318	43.763650	46.359145	148.76103	26.214607	34.792411	436.64423	189.19885	10.181444	0.019501719	vapor
313.66973	0.0075920326	0.0029194460	342.53074	43.778709	46.379214	148.55001	26.226365	34.808460	437.05484	186.41085	10.201921	0.019547695	vapor
314.29296	0.0078469579	0.0030116768	332.04094	43.793759	46.399270	148.34009	26.238198	34.824645	437.46473	183.68291	10.222424	0.019593779	vapor
314.91619	0.0081092344	0.0031063739	321.91875	43.808799	46.419313	148.13125	26.250110	34.840970	437.87389	181.01355	10.242953	0.019639972	vapor
315.53941	0.0083790361	0.0032035901	312.14980	43.823828	46.439343	147.92349	26.262101	34.857437	438.28232	178.40133	10.263507	0.019686274	vapor
316.16264	0.0086565404	0.0033033790	302.72033	43.838847	46.459358	147.71679	26.274175	34.874050	438.69002	175.84485	10.284087	0.019732685	vapor
316.78587	0.0089419275	0.0034057952	293.61719	43.853856	46.479360	147.51115	26.286333	34.890812	439.09698	173.34272	10.304693	0.019779208	vapor
317.40909	0.0092353810	0.0035108938	284.82775	43.868855	46.499347	147.30657	26.298578	34.907726	439.50320	170.89360	10.325323	0.019825841	vapor
318.03232	0.0095370876	0.0036187311	276.33995	43.883842	46.519321	147.10304	26.310911	34.924796	439.90867	168.49619	10.345977	0.019872587	vapor
318.65555	0.0098472374	0.0037293641	268.14223	43.898819	46.539279	146.90054	26.323337	34.942025	440.31339	166.14920	10.366655	0.019919446	vapor
319.27877	0.010166024	0.0038428504	260.22351	43.913785	46.559223	146.69907	26.335855	34.959415	440.71735	163.85141	10.387357	0.019966418	vapor
319.90200	0.010493643	0.0039592487	252.57317	43.928740	46.579152	146.49863	26.348470	34.976971	441.12055	161.60158	10.408083	0.020013505	vapor
320.52523	0.010830295	0.0040786187	245.18105	43.943683	46.599066	146.29921	26.361182	34.994696	441.52298	159.39854	10.428831	0.020060707	vapor
321.14845	0.011176183	0.0042010205	238.03740	43.958615	46.618964	146.10079	26.373996	35.012593	441.92464	157.24114	10.449602	0.020108025	vapor
321.77168	0.011531513	0.0043265155	231.13288	43.973535	46.638847	145.90338	26.386911	35.030666	442.32553	155.12825	10.470395	0.020155460	vapor
322.39491	0.011896497	0.0044551657	224.45854	43.988444	46.658714	145.70697	26.399932	35.048917	442.72563	153.05877	10.491210	0.020203013	vapor
323.01813	0.012271347	0.0045870340	218.00579	44.003341	46.678566	145.51154	26.413061	35.067351	443.12495	151.03163	10.512046	0.020250684	vapor
323.64136	0.012656281	0.0047221845	211.76640	44.018226	46.698401	145.31709	26.426299	35.085970	443.52348	149.04580	10.532904	0.020298475	vapor
324.26459	0.013051519	0.0048606816	205.73246	44.033098	46.718219	145.12362	26.439649	35.104778	443.92120	147.10025	10.553783	0.020346386	vapor
324.88781	0.013457285	0.0050025912	199.89641	44.047958	46.738021	144.93112	26.453113	35.123779	444.31813	145.19401	10.574682	0.020394419	vapor
325.51104	0.013873807	0.0051479797	194.25096	44.062806	46.757806	144.73958	26.466694	35.142976	444.71425	143.32610	10.595601	0.020442573	vapor
326.13427	0.014301316	0.0052969145	188.78915	44.077641	46.777574	144.54899	26.480394	35.162372	445.10956	141.49559	10.616541	0.020490850	vapor
326.75749	0.014740048	0.0054494639	183.50429	44.092463	46.797325	144.35936	26.494216	35.181971	445.50406	139.70157	10.637500	0.020539252	vapor
327.38072	0.015190240	0.0056056973	178.38994	44.107272	46.817058	144.17066	26.508161	35.201776	445.89773	137.94313	10.658478	0.020587778	vapor
328.00395	0.015652137	0.0057656848	173.43994	44.122068	46.836774	143.98290	26.522232	35.221791	446.29057	136.21943	10.679475	0.020636430	vapor
328.62717	0.016125983	0.0059294974	168.64836	44.136851	46.856471	143.79607	26.536431	35.242020	446.68258	134.52960	10.700490	0.020685208	vapor
329.25040	0.016612029	0.0060972071	164.00952	44.151620	46.876150	143.61015	26.550761	35.262465	447.07376	132.87283	10.721524	0.020734115	vapor
329.87363	0.017110528	0.0062688870	159.51795	44.166375	46.895811	143.42516	26.565224	35.283130	447.46409	131.24831	10.742576	0.020783150	vapor
330.49685	0.017621738	0.0064446109	155.16840	44.181117	46.915454	143.24107	26.579822	35.304019	447.85357	129.65527	10.763646	0.020832314	vapor
331.12008	0.018145921	0.0066244537	150.95584	44.195844	46.935077	143.05789	26.594558	35.325136	448.24220	128.09295	10.784733	0.020881609	vapor
331.74331	0.018683342	0.0068084910	146.87542	44.210558	46.954682	142.87560	26.609433	35.346483	448.62998	126.56060	10.805837	0.020931036	vapor
332.36653	0.019234270	0.0069967998	142.92248	44.225257	46.974267	142.69421	26.624451	35.368065	449.01688	125.05751	10.826958	0.020980596	vapor
332.98976	0.019798979	0.0071894575	139.09255	44.239941	46.993832	142.51369	26.639613	35.389884	449.40292	123.58296	10.848095	0.021030289	vapor
333.61299	0.020377746	0.0073865430	135.38133	44.254611	47.013378	142.33406	26.654922	35.411945	449.78809	122.13629	10.869248	0.021080117	vapor
334.23621	0.020970852	0.0075881358	131.78467	44.269266	47.032903	142.15529	26.670381	35.434251	450.17238	120.71682	10.890417	0.021130081	vapor
334.85944	0.021578582	0.0077943165	128.29861	44.283906	47.052409	141.97740	26.685990	35.456805	450.55578	119.32391	10.911602	0.021180181	vapor
335.48267	0.022201227	0.0080051667	124.91932	44.298531	47.071893	141.80036	26.701753	35.479611	450.93829	117.95692	10.932801	0.021230420	vapor
336.10589	0.022839079	0.0082207690	121.64312	44.313141	47.091357	141.62418	26.717672	35.502673	451.31991	116.61525	10.954016	0.021280798	vapor
336.72912	0.023492436	0.0084412069	118.46647	44.327734	47.110800	141.44884	26.733749	35.525994	451.70063	115.29828	10.975246	0.021331315	vapor
337.35235	0.024161600	0.0086665649	115.38597	44.342312	47.130222	141.27434	26.749987	35.549578	452.08044	114.00545	10.996489	0.021381974	vapor
337.97557	0.024846877	0.0088969287	112.39834	44.356874	47.149622	141.10069	26.766387	35.573428	452.45934	112.73618	11.017747	0.021432775	vapor
338.59880	0.025548577	0.0091323846	109.50043	44.371420	47.169001	140.92786	26.782953	35.597549	452.83732	111.48993	11.039019	0.021483720	vapor
339.22203	0.026267016	0.0093730203	106.68920	44.385950	47.188357	140.75585	26.799685	35.621943	453.21438	110.26615	11.060304	0.021534809	vapor
339.84525	0.027002511	0.0096189242	103.96173	44.400463	47.207691	140.58467	26.816588	35.646614	453.59051	109.06432	11.081602	0.021586044	vapor
340.46848	0.027755385	0.0098701861	101.31521	44.414960	47.227003	140.41429	26.833662	35.671566	453.96572	107.88394	11.102913	0.021637426	vapor
341.09171	0.028525967	0.010126896	98.746937	44.429440	47.246292	140.24473	26.850910	35.696803	454.33998	106.72450	11.124237	0.021688956	vapor
341.71493	0.029314588	0.010389147	96.254296	44.443902	47.265557	140.07596	26.868335	35.722328	454.71330	105.58553	11.145573	0.021740635	vapor
342.33816	0.030121584	0.010657030	93.834777	44.458348	47.284800	139.90800	26.885939	35.748144	455.08567	104.46655	11.166921	0.021792464	vapor
342.96139	0.030947295	0.010930639	91.485961	44.472776	47.304019	139.74082	26.903723	35.774257	455.45709	103.36710	11.188282	0.021844445	vapor
343.58461	0.031792068	0.011210069	89.205515	44.487186	47.323214	139.57443	26.921691	35.800669	455.82755	102.28674	11.209653	0.021896579	vapor
344.20784	0.032656250	0.011495416	86.991195	44.501579	47.342385	139.40881	26.939844	35.827383	456.19704	101.22504	11.231036	0.021948867	vapor
344.83107	0.033540197	0.011786777	84.840836	44.515953	47.361532	139.24397	26.958185	35.854405	456.56556	100.18157	11.252430	0.022001310	vapor
345.45429	0.034444266	0.012084249	82.752352	44.530310	47.380654	139.07990	26.976716	35.881737	456.93311	99.155921	11.273835	0.022053910	vapor
346.07752	0.035368821	0.012387931	80.723731	44.544648	47.399751	138.91660	26.995439	35.909383	457.29968	98.147689	11.295250	0.022106667	vapor
346.70075	0.036314229	0.012697923	78.753037	44.558967	47.418823	138.75405	27.014357	35.937348	457.66526	97.156485	11.316676	0.022159584	vapor
347.32397	0.037280863	0.013014326	76.838399	44.573268	47.437869	138.59225	27.033472	35.965634	458.02984	96.181927	11.338111	0.022212660	vapor
347.94720	0.038269099	0.013337243	74.978015	44.587549	47.456890	138.43120	27.052786	35.994246	458.39343	95.223644	11.359556	0.022265899	vapor
348.57043	0.039279318	0.013666776	73.170148	44.601812	47.475885	138.27089	27.072301	36.023188	458.75602	94.281276	11.381011	0.022319299	vapor
349.19365	0.040311907	0.014003029	71.413121	44.616055	47.494854	138.11132	27.092021	36.052463	459.11760	93.354469	11.402475	0.022372865	vapor
349.81688	0.041367257	0.014346108	69.705317	44.630278	47.513796	137.95248	27.111946	36.082075	459.47817	92.442881	11.423947	0.022426595	vapor
350.44011	0.042445763	0.014696119	68.045176	44.644482	47.532711	137.79437	27.132080	36.112029	459.83771	91.546177	11.445429	0.022480492	vapor
351.06333	0.043547825	0.015053169	66.431193	44.658665	47.551599	137.63698	27.152425	36.142328	460.19623	90.664031	11.466919	0.022534557	vapor
351.68656	0.044673848	0.015417368	64.861915	44.672829	47.570460	137.48030	27.172982	36.172976	460.55372	89.796126	11.488417	0.022588792	vapor
352.30979	0.045824242	0.015788824	63.335941	44.686972	47.589293	137.32434	27.193755	36.203977	460.91018	88.942151	11.509923	0.022643197	vapor
352.93301	0.046999422	0.016167648	61.851916	44.701094	47.608099	137.16908	27.214746	36.235336	461.26559	88.101806	11.531437	0.022697774	vapor
353.55624	0.048199806	0.016553952	60.408536	44.715196	47.626876	137.01453	27.235957	36.267055	461.61996	87.274796	11.552959	0.022752524	vapor
354.17947	0.049425820	0.016947849	59.004538	44.729277	47.645624	136.86067	27.257390	36.299140	461.97327	86.460834	11.574487	0.022807450	vapor
354.80269	0.050677891	0.017349453	57.638705	44.743336	47.664344	136.70750	27.279048	36.331594	462.32553	85.659640	11.596023	0.022862551	vapor
355.42592	0.051956455	0.017758879	56.309862	44.757374	47.683034	136.55502	27.300934	36.364421	462.67672	84.870942	11.617566	0.022917829	vapor
356.04915	0.053261949	0.018176243	55.016871	44.771390	47.701696	136.40323	27.323048	36.397626	463.02685	84.094473	11.639115	0.022973287	vapor
356.67237	0.054594818	0.018601662	53.758638	44.785384	47.720327	136.25211	27.345395	36.431212	463.37590	83.329974	11.660670	0.023028925	vapor
357.29560	0.055955511	0.019035255	52.534100	44.799356	47.738929	136.10166	27.367976	36.465185	463.72386	82.577192	11.682232	0.023084744	vapor
357.91883	0.057344480	0.019477142	51.342236	44.813306	47.757500	135.95188	27.390794	36.499547	464.07075	81.835880	11.703799	0.023140740	vapor
358.54205	0.058762185	0.019927442	50.182055	44.827233	47.776041	135.80276	27.413851	36.534303	464.41654	81.105797	11.725373	0.023196927	vapor
359.16528	0.060209089	0.020386279	49.052601	44.841138	47.794550	135.65430	27.437149	36.569458	464.76123	80.386708	11.746951	0.023253299	vapor
359.78851	0.061685661	0.020853774	47.952951	44.855019	47.813029	135.50649	27.460691	36.605016	465.10482	79.678384	11.768535	0.023309859	vapor
360.41173	0.063192375	0.021330052	46.882210	44.868878	47.831476	135.35933	27.484480	36.640980	465.44730	78.980601	11.790124	0.023366607	vapor
361.03496	0.064729710	0.021815238	45.839517	44.882713	47.849891	135.21282	27.508518	36.677356	465.78867	78.293140	11.811718	0.023423546	vapor
361.65819	0.066298149	0.022309459	44.824036	44.896524	47.868274	135.06695	27.532806	36.714148	466.12892	77.615788	11.833316	0.023480676	vapor
362.28141	0.067898181	0.022812841	43.834960	44.910311	47.886625	134.92171	27.557349	36.751359	466.46804	76.948337	11.854919	0.023537999	vapor
362.90464	0.069530300	0.023325514	42.871509	44.924074	47.904943	134.77710	27.582147	36.788995	466.80603	76.290583	11.876526	0.023595516	vapor
363.52787	0.071195005	0.023847607	41.932928	44.937813	47.923228	134.63312	27.607204	36.827060	467.14289	75.642329	11.898136	0.023653230	vapor
364.15109	0.072892802	0.024379252	41.018486	44.951528	47.941480	134.48976	27.632522	36.865558	467.47860	75.003380	11.919751	0.023711141	vapor
364.77432	0.074624199	0.024920579	40.127478	44.965217	47.959698	134.34702	27.658104	36.904494	467.81316	74.373547	11.941369	0.023769251	vapor
365.39755	0.076389710	0.025471724	39.259220	44.978882	47.977882	134.20489	27.683952	36.943872	468.14657	73.752645	11.962991	0.023827561	vapor
366.02077	0.078189856	0.026032819	38.413051	44.992521	47.996032	134.06337	27.710068	36.983697	468.47882	73.140493	11.984616	0.023886073	vapor
366.64400	0.080025162	0.026604001	37.588332	45.006135	48.014147	133.92245	27.736455	37.023973	468.80990	72.536915	12.006243	0.023944788	vapor
367.26723	0.081896158	0.027185406	36.784443	45.019723	48.032227	133.78214	27.763115	37.064705	469.13981	71.941739	12.027874	0.024003709	vapor
367.89045	0.083803379	0.027777172	36.000785	45.033285	48.050272	133.64242	27.790052	37.105897	469.46854	71.354796	12.049507	0.024062836	vapor
368.51368	0.085747367	0.028379439	35.236779	45.046821	48.068282	133.50329	27.817267	37.147554	469.79609	70.775921	12.071143	0.024122171	vapor
369.13691	0.087728666	0.028992346	34.491862	45.060330	48.086255	133.36475	27.844762	37.189681	470.12245	70.204953	12.092780	0.024181715	vapor
369.76013	0.089747829	0.029616036	33.765492	45.073813	48.104192	133.22679	27.872542	37.232281	470.44762	69.641736	12.114420	0.024241470	vapor
370.38336	0.091805412	0.030250650	33.057141	45.087269	48.122093	133.08941	27.900606	37.275361	470.77159	69.086115	12.136062	0.024301438	vapor
371.00659	0.093901977	0.030896333	32.366301	45.100697	48.139957	132.95260	27.928960	37.318924	471.09435	68.537940	12.157705	0.024361620	vapor
371.62981	0.096038091	0.031553229	31.692477	45.114099	48.157784	132.81637	27.957604	37.362975	471.41589	67.997064	12.179350	0.024422017	vapor
372.25304	0.098214327	0.032221486	31.035192	45.127472	48.175573	132.68070	27.986541	37.407518	471.73622	67.463344	12.200997	0.024482632	vapor
372.87627	0.10043126	0.032901250	30.393982	45.140818	48.193324	132.54559	28.015774	37.452559	472.05533	66.936638	12.222644	0.024543465	vapor
373.49949	0.10268948	0.033592670	29.768399	45.154136	48.211037	132.41104	28.045305	37.498103	472.37320	66.416810	12.244292	0.024604519	vapor
374.12272	0.10498957	0.034295897	29.158007	45.167425	48.228711	132.27705	28.075137	37.544152	472.68985	65.903725	12.265942	0.024665794	vapor
374.74595	0.10733212	0.035011080	28.562387	45.180685	48.246347	132.14361	28.105272	37.590714	473.00524	65.397251	12.287591	0.024727293	vapor
375.36917	0.10971774	0.035738372	27.981129	45.193917	48.263943	132.01071	28.135713	37.637792	473.31940	64.897261	12.309242	0.024789017	vapor
375.99240	0.11214703	0.036477928	27.413838	45.207120	48.281500	131.87835	28.166461	37.685390	473.63230	64.403627	12.330892	0.024850967	vapor
376.61563	0.11462060	0.037229901	26.860131	45.220293	48.299017	131.74654	28.197520	37.733515	473.94394	63.916228	12.352543	0.024913146	vapor
377.23885	0.11713906	0.037994448	26.319635	45.233437	48.316494	131.61525	28.228891	37.782169	474.25431	63.434943	12.374194	0.024975555	vapor
377.86208	0.11970303	0.038771725	25.791991	45.246551	48.333930	131.48450	28.260578	37.831359	474.56342	62.959654	12.395845	0.025038195	vapor
378.48531	0.12231315	0.039561892	25.276850	45.259634	48.351326	131.35427	28.292582	37.881089	474.87125	62.490245	12.417495	0.025101067	vapor
379.10853	0.12497005	0.040365108	24.773872	45.272688	48.368680	131.22457	28.324906	37.931363	475.17780	62.026605	12.439145	0.025164175	vapor
379.73176	0.12767435	0.041181534	24.282728	45.285710	48.385992	131.09539	28.357552	37.982187	475.48306	61.568622	12.460795	0.025227519	vapor
380.35499	0.13042671	0.042011331	23.803102	45.298702	48.403263	130.96672	28.390523	38.033564	475.78702	61.116189	12.482443	0.025291100	vapor
380.97821	0.13322777	0.042854665	23.334683	45.311663	48.420491	130.83856	28.423820	38.085501	476.08969	60.669200	12.504091	0.025354921	vapor
381.60144	0.13607819	0.043711698	22.877171	45.324592	48.437676	130.71091	28.457446	38.138000	476.39105	60.227551	12.525738	0.025418983	vapor
382.22467	0.13897862	0.044582598	22.430277	45.337490	48.454819	130.58377	28.491404	38.191068	476.69111	59.791141	12.547383	0.025483288	vapor
382.84789	0.14192974	0.045467530	21.993717	45.350356	48.471918	130.45712	28.525695	38.244709	476.98984	59.359872	12.569027	0.025547837	vapor
383.47112	0.14493220	0.046366665	21.567219	45.363189	48.488974	130.33097	28.560322	38.298927	477.28726	58.933646	12.590670	0.025612632	vapor
384.09435	0.14798669	0.047280171	21.150516	45.375991	48.505985	130.20531	28.595287	38.353728	477.58334	58.512369	12.612311	0.025677675	vapor
384.71757	0.15109388	0.048208220	20.743350	45.388759	48.522952	130.08015	28.630591	38.409115	477.87810	58.095947	12.633951	0.025742967	vapor
385.34080	0.15425447	0.049150983	20.345473	45.401495	48.539875	129.95547	28.666238	38.465094	478.17151	57.684289	12.655588	0.025808510	vapor
385.96403	0.15746915	0.050108635	19.956640	45.414197	48.556752	129.83127	28.702229	38.521668	478.46358	57.277307	12.677224	0.025874306	vapor
386.58725	0.16073861	0.051081351	19.576616	45.426866	48.573584	129.70755	28.738566	38.578843	478.75430	56.874913	12.698857	0.025940355	vapor
387.21048	0.16406355	0.052069305	19.205173	45.439501	48.590370	129.58430	28.775251	38.636624	479.04366	56.477022	12.720489	0.026006661	vapor
387.83371	0.16744469	0.053072677	18.842087	45.452102	48.607110	129.46153	28.812286	38.695014	479.33166	56.083551	12.742118	0.026073225	vapor
388.45693	0.17088275	0.054091644	18.487144	45.464669	48.623803	129.33922	28.849673	38.754018	479.61830	55.694418	12.763744	0.026140047	vapor
389.08016	0.17437843	0.055126388	18.140133	45.477202	48.640450	129.21738	28.887414	38.813641	479.90356	55.309543	12.785368	0.026207131	vapor
389.70339	0.17793247	0.056177088	17.800852	45.489700	48.657049	129.09600	28.925511	38.873888	480.18744	54.928847	12.806990	0.026274478	vapor
390.32661	0.18154559	0.057243928	17.469102	45.502162	48.673601	128.97508	28.963966	38.934762	480.46994	54.552255	12.828608	0.026342088	vapor
390.94984	0.18521854	0.058327092	17.144692	45.514590	48.690104	128.85461	29.002779	38.996267	480.75105	54.179691	12.850224	0.026409965	vapor
391.57307	0.18895205	0.059426765	16.827435	45.526981	48.706560	128.73459	29.041954	39.058410	481.03077	53.811081	12.871837	0.026478110	vapor
392.19629	0.19274688	0.060543134	16.517150	45.539337	48.722966	128.61502	29.081492	39.121193	481.30909	53.446355	12.893446	0.026546524	vapor
392.81952	0.19660377	0.061676387	16.213660	45.551657	48.739324	128.49589	29.121393	39.184620	481.58600	53.085441	12.915052	0.026615209	vapor
393.44275	0.20052349	0.062826714	15.916796	45.563941	48.755632	128.37720	29.161661	39.248698	481.86150	52.728271	12.936655	0.026684167	vapor
394.06597	0.20450680	0.063994304	15.626391	45.576187	48.771891	128.25895	29.202296	39.313428	482.13559	52.374778	12.958255	0.026753399	vapor
394.68920	0.20855447	0.065179350	15.342282	45.588397	48.788099	128.14114	29.243300	39.378817	482.40826	52.024895	12.979851	0.026822908	vapor
395.31243	0.21266728	0.066382046	15.064314	45.600570	48.804257	128.02376	29.284674	39.444867	482.67950	51.678559	13.001444	0.026892695	vapor
395.93565	0.21684600	0.067602586	14.792334	45.612705	48.820364	127.90680	29.326420	39.511583	482.94931	51.335706	13.023033	0.026962762	vapor
396.55888	0.22109142	0.068841166	14.526192	45.624803	48.836419	127.79027	29.368539	39.578969	483.21768	50.996275	13.044618	0.027033110	vapor
397.18211	0.22540435	0.070097984	14.265745	45.636862	48.852423	127.67416	29.411032	39.647029	483.48461	50.660205	13.066199	0.027103741	vapor
397.80533	0.22978556	0.071373239	14.010853	45.648884	48.868375	127.55846	29.453900	39.715767	483.75009	50.327438	13.087776	0.027174657	vapor
398.42856	0.23423587	0.072667131	13.761380	45.660866	48.884275	127.44318	29.497145	39.785187	484.01413	49.997914	13.109350	0.027245860	vapor
399.05179	0.23875609	0.073979862	13.517192	45.672810	48.900122	127.32832	29.540767	39.855293	484.27670	49.671579	13.130919	0.027317351	vapor
399.67501	0.24334703	0.075311635	13.278161	45.684715	48.915916	127.21386	29.584768	39.926088	484.53782	49.348377	13.152484	0.027389133	vapor
400.29824	0.24800952	0.076662654	13.044161	45.696581	48.931657	127.09980	29.629149	39.997576	484.79746	49.028254	13.174045	0.027461206	vapor
400.92147	0.25274437	0.078033125	12.815071	45.708407	48.947343	126.98615	29.673910	40.069762	485.05564	48.711156	13.195601	0.027533574	vapor
401.54469	0.25755241	0.079423255	12.590771	45.720193	48.962976	126.87290	29.719052	40.142649	485.31234	48.397033	13.217153	0.027606236	vapor
402.16792	0.26243450	0.080833254	12.371146	45.731938	48.978554	126.76004	29.764577	40.216239	485.56756	48.085834	13.238701	0.027679196	vapor
402.79115	0.26739146	0.082263331	12.156085	45.743644	48.994077	126.64758	29.810484	40.290538	485.82129	47.777509	13.260244	0.027752455	vapor
403.41437	0.27242415	0.083713698	11.945476	45.755308	49.009545	126.53551	29.856775	40.365549	486.07354	47.472011	13.281783	0.027826014	vapor
404.03760	0.27753342	0.085184568	11.739216	45.766932	49.024957	126.42382	29.903450	40.441274	486.32428	47.169291	13.303317	0.027899876	vapor
404.66083	0.28272013	0.086676155	11.537198	45.778515	49.040313	126.31252	29.950509	40.517718	486.57353	46.869305	13.324846	0.027974043	vapor
405.28405	0.28798515	0.088188676	11.339324	45.790056	49.055612	126.20160	29.997954	40.594883	486.82127	46.572006	13.346371	0.028048515	vapor
405.90728	0.29332933	0.089722347	11.145495	45.801555	49.070855	126.09106	30.045784	40.672774	487.06751	46.277351	13.367890	0.028123295	vapor
406.53051	0.29875358	0.091277389	10.955616	45.813012	49.086041	125.98089	30.093999	40.751393	487.31223	45.985297	13.389405	0.028198385	vapor
407.15373	0.30425875	0.092854020	10.769593	45.824426	49.101169	125.87109	30.142601	40.830743	487.55543	45.695801	13.410915	0.028273787	vapor
407.77696	0.30984574	0.094452463	10.587336	45.835798	49.116239	125.76167	30.191589	40.910828	487.79711	45.408823	13.432420	0.028349502	vapor
408.40019	0.31551545	0.096072941	10.408758	45.847127	49.131251	125.65261	30.240963	40.991651	488.03726	45.124323	13.453921	0.028425532	vapor
409.02341	0.32126877	0.097715680	10.233772	45.858413	49.146205	125.54391	30.290723	41.073215	488.27588	44.842261	13.475416	0.028501879	vapor
409.64664	0.32710660	0.099380904	10.062295	45.869656	49.161099	125.43558	30.340870	41.155523	488.51297	44.562599	13.496906	0.028578544	vapor
410.26987	0.33302985	0.10106884	9.8942460	45.880854	49.175934	125.32760	30.391403	41.238577	488.74851	44.285299	13.518391	0.028655531	vapor
410.89309	0.33903945	0.10277973	9.7295453	45.892009	49.190709	125.21998	30.442322	41.322381	488.98252	44.010326	13.539871	0.028732839	vapor
411.51632	0.34513631	0.10451378	9.5681160	45.903119	49.205424	125.11271	30.493628	41.406938	489.21497	43.737643	13.561346	0.028810472	vapor
412.13955	0.35132135	0.10627125	9.4098830	45.914185	49.220078	125.00579	30.545318	41.492250	489.44587	43.467215	13.582815	0.028888431	vapor
412.76277	0.35759550	0.10805235	9.2547730	45.925206	49.234671	124.89921	30.597395	41.578319	489.67521	43.199009	13.604280	0.028966718	vapor
413.38600	0.36395972	0.10985733	9.1027149	45.936182	49.249203	124.79298	30.649856	41.665150	489.90299	42.932991	13.625739	0.029045334	vapor
414.00923	0.37041493	0.11168643	8.9536392	45.947112	49.263674	124.68710	30.702701	41.752743	490.12921	42.669130	13.647193	0.029124282	vapor
414.63245	0.37696208	0.11353988	8.8074782	45.957997	49.278082	124.58155	30.755931	41.841103	490.35386	42.407392	13.668642	0.029203564	vapor
415.25568	0.38360214	0.11541792	8.6641659	45.968836	49.292428	124.47633	30.809543	41.930231	490.57693	42.147748	13.690085	0.029283181	vapor
415.87891	0.39033605	0.11732079	8.5236381	45.979628	49.306711	124.37145	30.863538	42.020129	490.79843	41.890168	13.711524	0.029363135	vapor
416.50213	0.39716478	0.11924875	8.3858322	45.990374	49.320931	124.26690	30.917916	42.110801	491.01835	41.634621	13.732956	0.029443428	vapor
417.12536	0.40408931	0.12120203	8.2506872	46.001073	49.335088	124.16268	30.972674	42.202249	491.23668	41.381079	13.754384	0.029524062	vapor
417.74859	0.41111061	0.12318087	8.1181435	46.011726	49.349180	124.05879	31.027812	42.294475	491.45343	41.129515	13.775807	0.029605039	vapor
418.37181	0.41822965	0.12518554	7.9881431	46.022330	49.363209	123.95521	31.083330	42.387481	491.66858	40.879901	13.797224	0.029686360	vapor
418.99504	0.42544744	0.12721627	7.8606296	46.032887	49.377172	123.85196	31.139226	42.481269	491.88213	40.632209	13.818635	0.029768028	vapor
419.61827	0.43276495	0.12927333	7.7355478	46.043397	49.391071	123.74902	31.195500	42.575842	492.09409	40.386415	13.840042	0.029850045	vapor
420.24149	0.44018318	0.13135696	7.6128439	46.053858	49.404903	123.64640	31.252149	42.671202	492.30444	40.142493	13.861443	0.029932412	vapor
420.86472	0.44770315	0.13346741	7.4924656	46.064270	49.418671	123.54409	31.309174	42.767351	492.51318	39.900419	13.882839	0.030015132	vapor
421.48795	0.45532585	0.13560496	7.3743618	46.074634	49.432371	123.44210	31.366572	42.864291	492.72031	39.660167	13.904230	0.030098205	vapor
422.11117	0.46305231	0.13776984	7.2584826	46.084949	49.446006	123.34040	31.424343	42.962024	492.92583	39.421715	13.925615	0.030181635	vapor
422.73440	0.47088353	0.13996233	7.1447795	46.095214	49.459573	123.23902	31.482485	43.060553	493.12972	39.185039	13.946996	0.030265423	vapor
423.35763	0.47882056	0.14218269	7.0332051	46.105430	49.473073	123.13793	31.540997	43.159878	493.33200	38.950117	13.968371	0.030349572	vapor
423.98085	0.48686440	0.14443117	6.9237131	46.115596	49.486505	123.03715	31.599877	43.260003	493.53265	38.716928	13.989741	0.030434082	vapor
424.60408	0.49501611	0.14670805	6.8162584	46.125711	49.499869	122.93666	31.659124	43.360928	493.73167	38.485449	14.011105	0.030518956	vapor
425.22731	0.50327673	0.14901360	6.7107970	46.135777	49.513165	122.83647	31.718736	43.462657	493.92905	38.255661	14.032465	0.030604196	vapor
425.85053	0.51164729	0.15134807	6.6072861	46.145791	49.526391	122.73657	31.778712	43.565190	494.12480	38.027542	14.053820	0.030689804	vapor
426.47376	0.52012885	0.15371174	6.5056838	46.155755	49.539548	122.63696	31.839050	43.668530	494.31891	37.801074	14.075169	0.030775781	vapor
427.09699	0.52872247	0.15610489	6.4059491	46.165667	49.552636	122.53764	31.899749	43.772678	494.51137	37.576237	14.096513	0.030862131	vapor
427.72021	0.53742921	0.15852779	6.3080422	46.175527	49.565654	122.43861	31.960805	43.877637	494.70219	37.353011	14.117853	0.030948854	vapor
428.34344	0.54625015	0.16098071	6.2119243	46.185336	49.578601	122.33985	32.022219	43.983407	494.89136	37.131379	14.139187	0.031035954	vapor
428.96667	0.55518634	0.16346394	6.1175573	46.195093	49.591477	122.24138	32.083988	44.089992	495.07887	36.911323	14.160517	0.031123431	vapor
429.58989	0.56423888	0.16597774	6.0249042	46.204797	49.604282	122.14318	32.146110	44.197392	495.26472	36.692826	14.181842	0.031211288	vapor
430.21312	0.57340884	0.16852241	5.9339288	46.214448	49.617016	122.04527	32.208583	44.305609	495.44891	36.475869	14.203161	0.031299527	vapor
430.83635	0.58269732	0.17109823	5.8445958	46.224047	49.629677	121.94762	32.271405	44.414646	495.63144	36.260438	14.224477	0.031388150	vapor
431.45957	0.59210541	0.17370548	5.7568707	46.233592	49.642266	121.85025	32.334574	44.524503	495.81229	36.046514	14.245787	0.031477159	vapor
432.08280	0.60163420	0.17634445	5.6707199	46.243083	49.654782	121.75314	32.398089	44.635182	495.99148	35.834084	14.267093	0.031566556	vapor
432.70603	0.61128482	0.17901543	5.5861105	46.252521	49.667226	121.65630	32.461946	44.746686	496.16899	35.623130	14.288394	0.031656343	vapor
433.32925	0.62105836	0.18171872	5.5030105	46.261904	49.679595	121.55973	32.526145	44.859016	496.34482	35.413638	14.309691	0.031746522	vapor
433.95248	0.63095594	0.18445459	5.4213885	46.271233	49.691891	121.46342	32.590682	44.972174	496.51897	35.205594	14.330983	0.031837095	vapor
434.57571	0.64097869	0.18722336	5.3412139	46.280508	49.704112	121.36736	32.655557	45.086161	496.69143	34.998983	14.352271	0.031928065	vapor
435.19893	0.65112773	0.19002531	5.2624569	46.289727	49.716258	121.27157	32.720765	45.200979	496.86220	34.793791	14.373554	0.032019433	vapor
435.82216	0.66140419	0.19286075	5.1850883	46.298891	49.728330	121.17603	32.786306	45.316630	497.03128	34.590004	14.394834	0.032111202	vapor
436.44539	0.67180921	0.19572997	5.1090796	46.307999	49.740326	121.08074	32.852177	45.433116	497.19867	34.387608	14.416109	0.032203374	vapor
437.06861	0.68234394	0.19863329	5.0344029	46.317051	49.752246	120.98571	32.918376	45.550438	497.36435	34.186592	14.437380	0.032295950	vapor
437.69184	0.69300951	0.20157100	4.9610312	46.326047	49.764089	120.89092	32.984900	45.668599	497.52833	33.986941	14.458647	0.032388933	vapor
438.31507	0.70380709	0.20454341	4.8889378	46.334987	49.775856	120.79638	33.051747	45.787600	497.69060	33.788644	14.479910	0.032482326	vapor
438.93829	0.71473783	0.20755083	4.8180967	46.343870	49.787546	120.70208	33.118915	45.907443	497.85116	33.591688	14.501170	0.032576129	vapor
439.56152	0.72580290	0.21059358	4.7484828	46.352696	49.799158	120.60803	33.186402	46.028129	498.01001	33.396062	14.522425	0.032670347	vapor
440.18475	0.73700346	0.21367197	4.6800710	46.361464	49.810693	120.51421	33.254204	46.149662	498.16714	33.201753	14.543677	0.032764979	vapor
440.80797	0.74834069	0.21678631	4.6128374	46.370175	49.822149	120.42064	33.322320	46.272042	498.32254	33.008750	14.564926	0.032860030	vapor
441.43120	0.75981577	0.21993692	4.5467582	46.378827	49.833526	120.32730	33.390748	46.395273	498.47622	32.817042	14.586171	0.032955501	vapor
442.05443	0.77142987	0.22312413	4.4818103	46.387422	49.844824	120.23419	33.459484	46.519355	498.62818	32.626619	14.607413	0.033051394	vapor
442.67765	0.78318420	0.22634824	4.4179711	46.395957	49.856043	120.14131	33.528527	46.644290	498.77840	32.437469	14.628651	0.033147712	vapor
443.30088	0.79507994	0.22960960	4.3552186	46.404434	49.867181	120.04867	33.597873	46.770082	498.92688	32.249581	14.649886	0.033244457	vapor
443.92411	0.80711830	0.23290852	4.2935311	46.412852	49.878240	119.95625	33.667522	46.896732	499.07363	32.062946	14.671119	0.033341631	vapor
444.54733	0.81930048	0.23624534	4.2328877	46.421210	49.889217	119.86406	33.737469	47.024243	499.21863	31.877554	14.692348	0.033439236	vapor
445.17056	0.83162769	0.23962039	4.1732676	46.429509	49.900114	119.77208	33.807713	47.152615	499.36188	31.693395	14.713575	0.033537275	vapor
445.79379	0.84410115	0.24303399	4.1146508	46.437747	49.910928	119.68033	33.878252	47.281853	499.50338	31.510458	14.734799	0.033635750	vapor
446.41701	0.85672207	0.24648649	4.0570174	46.445925	49.921661	119.58880	33.949082	47.411959	499.64312	31.328735	14.756021	0.033734664	vapor
447.04024	0.86949169	0.24997823	4.0003483	46.454042	49.932312	119.49749	34.020201	47.542934	499.78111	31.148216	14.777240	0.033834018	vapor
447.66347	0.88241123	0.25350954	3.9446247	46.462098	49.942879	119.40639	34.091608	47.674781	499.91733	30.968892	14.798457	0.033933815	vapor
448.28669	0.89548193	0.25708078	3.8898280	46.470093	49.953364	119.31550	34.163298	47.807504	500.05179	30.790754	14.819672	0.034034058	vapor
448.90992	0.90870502	0.26069228	3.8359403	46.478026	49.963764	119.22483	34.235271	47.941104	500.18448	30.613793	14.840885	0.034134749	vapor
449.53315	0.92208176	0.26434439	3.7829439	46.485897	49.974081	119.13436	34.307524	48.075584	500.31539	30.438001	14.862096	0.034235890	vapor
450.15637	0.93561340	0.26803746	3.7308218	46.493706	49.984313	119.04410	34.380054	48.210948	500.44452	30.263369	14.883305	0.034337484	vapor
450.77960	0.94930119	0.27177186	3.6795569	46.501453	49.994460	118.95405	34.452858	48.347197	500.57186	30.089888	14.904513	0.034439533	vapor
451.40283	0.96314640	0.27554792	3.6291328	46.509136	50.004522	118.86419	34.525935	48.484336	500.69742	29.917551	14.925719	0.034542040	vapor
452.02605	0.97715028	0.27936602	3.5795334	46.516756	50.014498	118.77454	34.599282	48.622367	500.82119	29.746349	14.946924	0.034645007	vapor
452.64928	0.99131412	0.28322651	3.5307429	46.524313	50.024388	118.68509	34.672897	48.761293	500.94317	29.576275	14.968128	0.034748437	vapor
453.27251	1.0056392	0.28712976	3.4827459	46.531806	50.034191	118.59583	34.746777	48.901117	501.06334	29.407320	14.989332	0.034852332	vapor
453.89573	1.0201268	0.29107613	3.4355273	46.539234	50.043907	118.50677	34.820921	49.041844	501.18171	29.239476	15.010534	0.034956695	vapor
454.51896	1.0347781	0.29506599	3.3890724	46.546598	50.053536	118.41790	34.895325	49.183476	501.29827	29.072737	15.031736	0.035061529	vapor
455.14219	1.0495946	0.29909971	3.3433666	46.553897	50.063077	118.32923	34.969987	49.326016	501.41301	28.907094	15.052937	0.035166835	vapor
455.76541	1.0645774	0.30317767	3.2983959	46.561131	50.072529	118.24074	35.044906	49.469470	501.52594	28.742540	15.074139	0.035272617	vapor
456.38864	1.0797279	0.30730025	3.2541464	46.568300	50.081893	118.15244	35.120079	49.613840	501.63705	28.579068	15.095340	0.035378878	vapor
457.01187	1.0950475	0.31146781	3.2106046	46.575403	50.091167	118.06432	35.195504	49.759130	501.74633	28.416670	15.116541	0.035485619	vapor
457.63509	1.1105373	0.31568076	3.1677572	46.582439	50.100352	117.97639	35.271178	49.905344	501.85378	28.255340	15.137742	0.035592844	vapor
458.25832	1.1261987	0.31993946	3.1255913	46.589409	50.109446	117.88864	35.347099	50.052487	501.95939	28.095070	15.158945	0.035700556	vapor
458.88155	1.1420331	0.32424432	3.0840941	46.596312	50.118450	117.80106	35.423267	50.200562	502.06316	27.935853	15.180147	0.035808757	vapor
459.50477	1.1580417	0.32859572	3.0432533	46.603148	50.127363	117.71367	35.499677	50.349575	502.16508	27.777683	15.201351	0.035917449	vapor
460.12800	1.1742260	0.33299405	3.0030567	46.609917	50.136184	117.62645	35.576328	50.499529	502.26516	27.620552	15.222556	0.036026637	vapor
460.75123	1.1905871	0.33743972	2.9634923	46.616618	50.144913	117.53940	35.653219	50.650429	502.36338	27.464454	15.243762	0.036136322	vapor
461.37445	1.2071266	0.34193312	2.9245485	46.623250	50.153550	117.45253	35.730347	50.802280	502.45974	27.309382	15.264969	0.036246507	vapor
461.99768	1.2238456	0.34647465	2.8862140	46.629814	50.162094	117.36583	35.807710	50.955087	502.55423	27.155329	15.286178	0.036357196	vapor
462.62091	1.2407457	0.35106473	2.8484775	46.636309	50.170545	117.27929	35.885307	51.108856	502.64685	27.002290	15.307390	0.036468391	vapor
463.24413	1.2578281	0.35570377	2.8113281	46.642735	50.178902	117.19292	35.963135	51.263590	502.73760	26.850256	15.328603	0.036580095	vapor
463.86736	1.2750941	0.36039217	2.7747551	46.649091	50.187165	117.10672	36.041192	51.419296	502.82646	26.699223	15.349819	0.036692311	vapor
464.49059	1.2925452	0.36513035	2.7387480	46.655377	50.195333	117.02068	36.119478	51.575978	502.91344	26.549183	15.371037	0.036805042	vapor
465.11381	1.3101827	0.36991873	2.7032965	46.661593	50.203405	116.93479	36.197989	51.733644	502.99853	26.400130	15.392258	0.036918292	vapor
465.73704	1.3280081	0.37475773	2.6683906	46.667738	50.211382	116.84907	36.276725	51.892298	503.08172	26.252059	15.413482	0.037032063	vapor
466.36027	1.3460226	0.37964778	2.6340204	46.673812	50.219263	116.76350	36.355683	52.051946	503.16301	26.104962	15.434709	0.037146358	vapor
466.98349	1.3642277	0.38458931	2.6001763	46.679815	50.227047	116.67809	36.434862	52.212595	503.24239	25.958833	15.455940	0.037261181	vapor
467.60672	1.3826247	0.38958275	2.5668488	46.685746	50.234734	116.59284	36.514261	52.374251	503.31986	25.813667	15.477175	0.037376534	vapor
468.22995	1.4012151	0.39462853	2.5340286	46.691605	50.242324	116.50773	36.593877	52.536920	503.39540	25.669456	15.498414	0.037492421	vapor
468.85317	1.4200002	0.39972710	2.5017068	46.697391	50.249815	116.42277	36.673710	52.700609	503.46902	25.526196	15.519657	0.037608846	vapor
469.47640	1.4389815	0.40487890	2.4698743	46.703105	50.257208	116.33796	36.753757	52.865325	503.54071	25.383880	15.540905	0.037725810	vapor
470.09963	1.4581604	0.41008437	2.4385226	46.708745	50.264502	116.25330	36.834018	53.031075	503.61047	25.242502	15.562157	0.037843319	vapor
470.72285	1.4775382	0.41534397	2.4076430	46.714312	50.271696	116.16878	36.914491	53.197865	503.67828	25.102056	15.583415	0.037961374	vapor
471.34608	1.4971164	0.42065815	2.3772272	46.719804	50.278790	116.08440	36.995175	53.365704	503.74414	24.962536	15.604678	0.038079980	vapor
471.96931	1.5168965	0.42602736	2.3472671	46.725222	50.285783	116.00017	37.076068	53.534599	503.80805	24.823936	15.625946	0.038199140	vapor
472.59253	1.5368798	0.43145207	2.3177545	46.730566	50.292676	115.91607	37.157169	53.704558	503.86999	24.686251	15.647221	0.038318858	vapor
473.21576	1.5570677	0.43693274	2.2886818	46.735834	50.299466	115.83211	37.238478	53.875588	503.92997	24.549474	15.668501	0.038439136	vapor
473.83899	1.5774619	0.44246985	2.2600410	46.741027	50.306155	115.74828	37.319992	54.047698	503.98797	24.413599	15.689788	0.038559979	vapor
474.46221	1.5980635	0.44806386	2.2318247	46.746143	50.312741	115.66459	37.401711	54.220897	504.04400	24.278622	15.711082	0.038681390	vapor
475.08544	1.6188742	0.45371524	2.2040256	46.751184	50.319224	115.58103	37.483634	54.395191	504.09803	24.144536	15.732383	0.038803373	vapor
475.70867	1.6398954	0.45942449	2.1766362	46.756147	50.325603	115.49760	37.565760	54.570592	504.15007	24.011334	15.753692	0.038925931	vapor
476.33189	1.6611284	0.46519209	2.1496496	46.761034	50.331878	115.41430	37.648088	54.747106	504.20012	23.879013	15.775008	0.039049068	vapor
476.95512	1.6825749	0.47101852	2.1230588	46.765842	50.338048	115.33112	37.730617	54.924744	504.24815	23.747565	15.796332	0.039172789	vapor
477.57835	1.7042362	0.47690428	2.0968568	46.770573	50.344113	115.24807	37.813346	55.103516	504.29417	23.616986	15.817664	0.039297096	vapor
478.20157	1.7261138	0.48284986	2.0710371	46.775226	50.350071	115.16513	37.896274	55.283429	504.33818	23.487269	15.839005	0.039421995	vapor
478.82480	1.7482093	0.48885578	2.0455931	46.779799	50.355924	115.08232	37.979401	55.464496	504.38015	23.358409	15.860355	0.039547488	vapor
479.44803	1.7705240	0.49492252	2.0205183	46.784294	50.361670	114.99963	38.062726	55.646724	504.42009	23.230401	15.881714	0.039673580	vapor
480.07125	1.7930595	0.50105061	1.9958064	46.788708	50.367308	114.91706	38.146249	55.830126	504.45799	23.103238	15.903083	0.039800275	vapor
480.69448	1.8158173	0.50724055	1.9714512	46.793043	50.372838	114.83460	38.229968	56.014711	504.49383	22.976915	15.924462	0.039927577	vapor
481.31771	1.8387988	0.51349288	1.9474467	46.797297	50.378260	114.75226	38.313884	56.200490	504.52763	22.851426	15.945851	0.040055490	vapor
481.94093	1.8620056	0.51980810	1.9237869	46.801470	50.383572	114.67002	38.397996	56.387475	504.55935	22.726767	15.967251	0.040184018	vapor
482.56416	1.8854391	0.52618675	1.9004659	46.805562	50.388775	114.58790	38.482303	56.575676	504.58901	22.602931	15.988662	0.040313166	vapor
483.18739	1.9091009	0.53262937	1.8774781	46.809572	50.393867	114.50588	38.566805	56.765105	504.61659	22.479913	16.010084	0.040442939	vapor
483.81061	1.9329925	0.53913649	1.8548179	46.813499	50.398848	114.42398	38.651502	56.955774	504.64208	22.357708	16.031518	0.040573340	vapor
484.43384	1.9571154	0.54570865	1.8324797	46.817344	50.403718	114.34217	38.736394	57.147695	504.66548	22.236310	16.052964	0.040704374	vapor
485.05707	1.9814712	0.55234640	1.8104581	46.821106	50.408476	114.26047	38.821480	57.340881	504.68677	22.115713	16.074423	0.040836045	vapor
485.68029	2.0060613	0.55905029	1.7887478	46.824784	50.413122	114.17887	38.906760	57.535343	504.70596	21.995912	16.095895	0.040968359	vapor
486.30352	2.0308873	0.56582089	1.7673437	46.828378	50.417654	114.09737	38.992235	57.731095	504.72302	21.876902	16.117380	0.041101320	vapor
486.92675	2.0559507	0.57265875	1.7462407	46.831887	50.422072	114.01597	39.077903	57.928149	504.73797	21.758677	16.138878	0.041234933	vapor
487.54997	2.0812531	0.57956444	1.7254337	46.835312	50.426376	113.93466	39.163766	58.126520	504.75077	21.641232	16.160391	0.041369202	vapor
488.17320	2.1067961	0.58653854	1.7049178	46.838650	50.430565	113.85345	39.249823	58.326220	504.76144	21.524561	16.181918	0.041504132	vapor
488.79643	2.1325811	0.59358162	1.6846883	46.841903	50.434638	113.77233	39.336075	58.527265	504.76995	21.408659	16.203460	0.041639729	vapor
489.41965	2.1586098	0.60069428	1.6647404	46.845070	50.438594	113.69130	39.422521	58.729668	504.77630	21.293521	16.225017	0.041775998	vapor
490.04288	2.1848836	0.60787709	1.6450694	46.848149	50.442434	113.61035	39.509161	58.933443	504.78049	21.179142	16.246591	0.041912944	vapor
490.66611	2.2114043	0.61513065	1.6256709	46.851141	50.446157	113.52950	39.595997	59.138606	504.78250	21.065515	16.268180	0.042050571	vapor
491.28933	2.2381732	0.62245557	1.6065404	46.854045	50.449761	113.44873	39.683028	59.345172	504.78232	20.952637	16.289786	0.042188886	vapor
491.91256	2.2651921	0.62985244	1.5876734	46.856861	50.453246	113.36804	39.770255	59.553156	504.77995	20.840500	16.311409	0.042327893	vapor
492.53579	2.2924625	0.63732190	1.5690658	46.859587	50.456612	113.28744	39.857678	59.762574	504.77537	20.729101	16.333050	0.042467599	vapor
493.15901	2.3199860	0.64486454	1.5507133	46.862225	50.459858	113.20691	39.945298	59.973442	504.76859	20.618434	16.354708	0.042608008	vapor
493.78224	2.3477642	0.65248100	1.5326117	46.864772	50.462983	113.12646	40.033115	60.185776	504.75958	20.508494	16.376385	0.042749127	vapor
494.40547	2.3757987	0.66017191	1.5147570	46.867229	50.465986	113.04609	40.121129	60.399595	504.74834	20.399275	16.398081	0.042890961	vapor
495.02869	2.4040910	0.66793790	1.4971452	46.869595	50.468868	112.96579	40.209343	60.614913	504.73487	20.290773	16.419796	0.043033516	vapor
495.65192	2.4326428	0.67577961	1.4797724	46.871869	50.471627	112.88557	40.297755	60.831750	504.71914	20.182981	16.441532	0.043176798	vapor
496.27515	2.4614557	0.68369770	1.4626347	46.874051	50.474262	112.80541	40.386367	61.050122	504.70115	20.075895	16.463287	0.043320814	vapor
496.89837	2.4905313	0.69169283	1.4457285	46.876141	50.476773	112.72533	40.475180	61.270049	504.68090	19.969511	16.485064	0.043465568	vapor
497.52160	2.5198712	0.69976565	1.4290499	46.878138	50.479159	112.64531	40.564194	61.491548	504.65836	19.863821	16.506862	0.043611068	vapor
498.14483	2.5494771	0.70791683	1.4125953	46.880040	50.481420	112.56536	40.653411	61.714638	504.63354	19.758822	16.528681	0.043757321	vapor
498.76805	2.5793506	0.71614705	1.3963613	46.881849	50.483554	112.48547	40.742831	61.939339	504.60643	19.654509	16.550523	0.043904331	vapor
499.39128	2.6094933	0.72445699	1.3803442	46.883563	50.485562	112.40564	40.832455	62.165670	504.57700	19.550876	16.572388	0.044052107	vapor
500.01451	2.6399069	0.73284735	1.3645406	46.885181	50.487442	112.32587	40.922285	62.393651	504.54526	19.447917	16.594277	0.044200655	vapor
500.63773	2.6705930	0.74131882	1.3489473	46.886704	50.489193	112.24616	41.012321	62.623304	504.51118	19.345630	16.616190	0.044349981	vapor
501.26096	2.7015532	0.74987210	1.3335607	46.888130	50.490815	112.16651	41.102565	62.854647	504.47477	19.244007	16.638127	0.044500092	vapor
501.88419	2.7327892	0.75850791	1.3183778	46.889459	50.492308	112.08691	41.193017	63.087704	504.43601	19.143044	16.660089	0.044650997	vapor
502.50741	2.7643027	0.76722696	1.3033953	46.890691	50.493670	112.00737	41.283679	63.322494	504.39489	19.042736	16.682077	0.044802701	vapor
503.13064	2.7960954	0.77602999	1.2886100	46.891824	50.494900	111.92787	41.374552	63.559042	504.35140	18.943079	16.704091	0.044955213	vapor
503.75387	2.8281688	0.78491772	1.2740189	46.892858	50.495998	111.84842	41.465638	63.797368	504.30553	18.844066	16.726132	0.045108539	vapor
504.37709	2.8605248	0.79389090	1.2596189	46.893793	50.496964	111.76902	41.556938	64.037496	504.25727	18.745694	16.748201	0.045262688	vapor
505.00032	2.8931649	0.80295028	1.2454071	46.894627	50.497796	111.68967	41.648453	64.279449	504.20660	18.647956	16.770298	0.045417667	vapor
505.62355	2.9260908	0.81209662	1.2313806	46.895362	50.498493	111.61036	41.740185	64.523251	504.15352	18.550849	16.792423	0.045573484	vapor
506.24677	2.9593043	0.82133068	1.2175364	46.895994	50.499055	111.53109	41.832135	64.768927	504.09802	18.454368	16.814578	0.045730147	vapor
506.87000	2.9928070	0.83065324	1.2038718	46.896525	50.499481	111.45185	41.924305	65.016500	504.04007	18.358507	16.836762	0.045887664	vapor
507.49323	3.0266006	0.84006509	1.1903839	46.896953	50.499770	111.37266	42.016696	65.265997	503.97968	18.263262	16.858977	0.046046044	vapor
508.11645	3.0606868	0.84956701	1.1770702	46.897278	50.499922	111.29350	42.109310	65.517443	503.91683	18.168627	16.881224	0.046205295	vapor
508.73968	3.0950674	0.85915982	1.1639278	46.897500	50.499935	111.21438	42.202149	65.770864	503.85151	18.074599	16.903502	0.046365426	vapor
509.36291	3.1297441	0.86884431	1.1509542	46.897616	50.499808	111.13529	42.295214	66.026287	503.78371	17.981172	16.925812	0.046526446	vapor
509.98613	3.1647185	0.87862130	1.1381468	46.897628	50.499542	111.05623	42.388507	66.283739	503.71341	17.888341	16.948156	0.046688363	vapor
510.60936	3.1999924	0.88849164	1.1255030	46.897533	50.499134	110.97719	42.482031	66.543248	503.64060	17.796102	16.970534	0.046851188	vapor
511.23259	3.2355675	0.89845614	1.1130204	46.897333	50.498585	110.89819	42.575786	66.804842	503.56527	17.704450	16.992947	0.047014928	vapor
511.85581	3.2714456	0.90851567	1.1006965	46.897024	50.497893	110.81920	42.669775	67.068550	503.48742	17.613381	17.015394	0.047179595	vapor
512.47904	3.3076285	0.91867108	1.0885289	46.896608	50.497058	110.74024	42.763999	67.334402	503.40701	17.522889	17.037878	0.047345197	vapor
513.10227	3.3441177	0.92892324	1.0765152	46.896084	50.496077	110.66130	42.858461	67.602427	503.32405	17.432969	17.060399	0.047511744	vapor
513.72549	3.3809152	0.93927302	1.0646532	46.895450	50.494952	110.58238	42.953163	67.872656	503.23852	17.343618	17.082957	0.047679247	vapor
514.34872	3.4180226	0.94972131	1.0529405	46.894706	50.493680	110.50348	43.048106	68.145121	503.15041	17.254831	17.105553	0.047847716	vapor
514.97195	3.4554417	0.96026901	1.0413749	46.893851	50.492261	110.42459	43.143294	68.419852	503.05970	17.166603	17.128188	0.048017161	vapor
515.59517	3.4931744	0.97091703	1.0299541	46.892885	50.490694	110.34571	43.238727	68.696883	502.96638	17.078929	17.150863	0.048187594	vapor
516.21840	3.5312222	0.98166630	1.0186761	46.891807	50.488978	110.26684	43.334408	68.976246	502.87045	16.991805	17.173579	0.048359025	vapor
516.84163	3.5695871	0.99251773	1.0075387	46.890615	50.487112	110.18798	43.430340	69.257975	502.77187	16.905226	17.196336	0.048531465	vapor
517.46485	3.6082708	1.0034723	0.99653974	46.889310	50.485095	110.10913	43.526525	69.542104	502.67065	16.819188	17.219135	0.048704927	vapor
518.08808	3.6472752	1.0145309	0.98567724	46.887890	50.482926	110.03028	43.622964	69.828669	502.56676	16.733686	17.241977	0.048879420	vapor
518.71131	3.6866019	1.0256945	0.97494914	46.886355	50.480605	109.95144	43.719661	70.117705	502.46020	16.648716	17.264863	0.049054958	vapor
519.33453	3.7262528	1.0369642	0.96435346	46.884704	50.478129	109.87259	43.816617	70.409248	502.35095	16.564274	17.287794	0.049231553	vapor
519.95776	3.7662297	1.0483408	0.95388824	46.882937	50.475499	109.79374	43.913835	70.703336	502.23899	16.480354	17.310770	0.049409216	vapor
520.58099	3.8065344	1.0598255	0.94355156	46.881051	50.472713	109.71489	44.011318	71.000006	502.12431	16.396953	17.333792	0.049587961	vapor
521.20421	3.8471687	1.0714192	0.93334153	46.879047	50.469769	109.63604	44.109068	71.299297	502.00690	16.314066	17.356862	0.049767801	vapor
521.82744	3.8881345	1.0831229	0.92325629	46.876924	50.466668	109.55717	44.207088	71.601249	501.88674	16.231688	17.379981	0.049948748	vapor
522.45067	3.9294335	1.0949377	0.91329400	46.874680	50.463409	109.47830	44.305379	71.905901	501.76381	16.149816	17.403148	0.050130816	vapor
523.07389	3.9710676	1.1068646	0.90345288	46.872316	50.459989	109.39941	44.403946	72.213294	501.63811	16.068445	17.426365	0.050314020	vapor
523.69712	4.0130387	1.1189047	0.89373115	46.869830	50.456408	109.32051	44.502790	72.523471	501.50962	15.987571	17.449634	0.050498372	vapor
524.32035	4.0553486	1.1310591	0.88412708	46.867221	50.452665	109.24160	44.601913	72.836474	501.37832	15.907189	17.472954	0.050683888	vapor
524.94357	4.0979990	1.1433289	0.87463895	46.864489	50.448758	109.16266	44.701320	73.152346	501.24419	15.827296	17.496328	0.050870581	vapor
525.56680	4.1409920	1.1557152	0.86526508	46.861632	50.444688	109.08371	44.801012	73.471132	501.10722	15.747887	17.519755	0.051058468	vapor
526.19003	4.1843293	1.1682191	0.85600382	46.858650	50.440451	109.00473	44.900993	73.792877	500.96740	15.668957	17.543237	0.051247563	vapor
526.81325	4.2280128	1.1808417	0.84685355	46.855541	50.436049	108.92573	45.001264	74.117627	500.82471	15.590503	17.566775	0.051437882	vapor
527.43648	4.2720444	1.1935843	0.83781265	46.852306	50.431478	108.84669	45.101830	74.445430	500.67913	15.512521	17.590371	0.051629441	vapor
528.05971	4.3164259	1.2064479	0.82887957	46.848942	50.426739	108.76763	45.202692	74.776333	500.53065	15.435005	17.614024	0.051822256	vapor
528.68293	4.3611593	1.2194337	0.82005275	46.845449	50.421830	108.68854	45.303854	75.110387	500.37924	15.357953	17.637737	0.052016345	vapor
529.30616	4.4062464	1.2325431	0.81133067	46.841827	50.416749	108.60942	45.405318	75.447639	500.22490	15.281361	17.661509	0.052211723	vapor
529.92939	4.4516892	1.2457771	0.80271183	46.838073	50.411497	108.53026	45.507089	75.788143	500.06761	15.205223	17.685343	0.052408410	vapor
530.55261	4.4974894	1.2591370	0.79419475	46.834187	50.406070	108.45106	45.609168	76.131951	499.90734	15.129536	17.709240	0.052606421	vapor
531.17584	4.5436491	1.2726241	0.78577800	46.830169	50.400469	108.37181	45.711558	76.479114	499.74409	15.054296	17.733200	0.052805777	vapor
531.79907	4.5901702	1.2862396	0.77746013	46.826017	50.394691	108.29253	45.814264	76.829690	499.57783	14.979499	17.757225	0.053006495	vapor
532.42229	4.6370545	1.2999848	0.76923975	46.821729	50.388736	108.21320	45.917287	77.183731	499.40855	14.905141	17.781317	0.053208594	vapor
533.04552	4.6843040	1.3138611	0.76111548	46.817306	50.382602	108.13382	46.020631	77.541297	499.23623	14.831218	17.805475	0.053412095	vapor
533.66875	4.7319207	1.3278697	0.75308595	46.812746	50.376289	108.05439	46.124300	77.902444	499.06085	14.757727	17.829702	0.053617016	vapor
534.29197	4.7799064	1.3420120	0.74514984	46.808047	50.369794	107.97491	46.228296	78.267233	498.88239	14.684662	17.853998	0.053823380	vapor
534.91520	4.8282631	1.3562893	0.73730583	46.803210	50.363116	107.89538	46.332622	78.635723	498.70084	14.612021	17.878365	0.054031206	vapor
535.53843	4.8769928	1.3707031	0.72955261	46.798232	50.356255	107.81578	46.437282	79.007976	498.51617	14.539799	17.902805	0.054240515	vapor
536.16165	4.9260975	1.3852547	0.72188892	46.793113	50.349208	107.73613	46.542280	79.384056	498.32837	14.467993	17.927318	0.054451331	vapor
536.78488	4.9755790	1.3999455	0.71431351	46.787852	50.341975	107.65641	46.647618	79.764028	498.13742	14.396599	17.951906	0.054663675	vapor
537.40811	5.0254394	1.4147771	0.70682513	46.782447	50.334553	107.57663	46.753299	80.147957	497.94330	14.325612	17.976571	0.054877571	vapor
538.03133	5.0756806	1.4297508	0.69942258	46.776897	50.326942	107.49678	46.859328	80.535912	497.74598	14.255030	18.001313	0.055093042	vapor
538.65456	5.1263047	1.4448682	0.69210467	46.771201	50.319140	107.41686	46.965707	80.927960	497.54546	14.184848	18.026134	0.055310111	vapor
539.27779	5.1773136	1.4601307	0.68487020	46.765358	50.311146	107.33687	47.072440	81.324174	497.34171	14.115064	18.051035	0.055528804	vapor
539.90101	5.2287092	1.4755399	0.67771803	46.759367	50.302958	107.25681	47.179531	81.724624	497.13470	14.045672	18.076019	0.055749146	vapor
540.52424	5.2804938	1.4910974	0.67064702	46.753226	50.294574	107.17666	47.286983	82.129386	496.92443	13.976669	18.101086	0.055971163	vapor
541.14747	5.3326691	1.5068046	0.66365604	46.746935	50.285993	107.09644	47.394799	82.538533	496.71087	13.908053	18.126238	0.056194882	vapor
541.77069	5.3852374	1.5226634	0.65674398	46.740492	50.277214	107.01613	47.502984	82.952145	496.49399	13.839818	18.151476	0.056420329	vapor
542.39392	5.4382005	1.5386751	0.64990977	46.733895	50.268235	106.93573	47.611540	83.370299	496.27378	13.771962	18.176803	0.056647532	vapor
543.01715	5.4915605	1.5548416	0.64315233	46.727144	50.259054	106.85525	47.720471	83.793077	496.05021	13.704480	18.202219	0.056876520	vapor
543.64037	5.5453195	1.5711645	0.63647061	46.720237	50.249670	106.77467	47.829781	84.220562	495.82327	13.637370	18.227726	0.057107322	vapor
544.26360	5.5994795	1.5876454	0.62986357	46.713173	50.240081	106.69400	47.939474	84.652838	495.59293	13.570627	18.253326	0.057339969	vapor
544.88683	5.6540426	1.6042862	0.62333018	46.705951	50.230286	106.61323	48.049554	85.089993	495.35917	13.504249	18.279021	0.057574490	vapor
545.51005	5.7090108	1.6210886	0.61686945	46.698568	50.220283	106.53237	48.160023	85.532114	495.12197	13.438231	18.304812	0.057810917	vapor
546.13328	5.7643862	1.6380543	0.61048037	46.691024	50.210069	106.45140	48.270887	85.979293	494.88130	13.372570	18.330702	0.058049283	vapor
546.75651	5.8201709	1.6551853	0.60416198	46.683318	50.199644	106.37032	48.382149	86.431624	494.63714	13.307263	18.356691	0.058289621	vapor
547.37973	5.8763670	1.6724833	0.59791331	46.675447	50.189006	106.28913	48.493812	86.889201	494.38947	13.242306	18.382782	0.058531964	vapor
548.00296	5.9329766	1.6899502	0.59173342	46.667411	50.178152	106.20784	48.605881	87.352123	494.13827	13.177696	18.408976	0.058776348	vapor
548.62619	5.9900017	1.7075879	0.58562138	46.659208	50.167081	106.12643	48.718359	87.820489	493.88351	13.113429	18.435276	0.059022808	vapor
549.24941	6.0474446	1.7253985	0.57957626	46.650836	50.155792	106.04489	48.831251	88.294403	493.62516	13.049502	18.461683	0.059271380	vapor
549.87264	6.1053072	1.7433838	0.57359717	46.642295	50.144281	105.96324	48.944561	88.773970	493.36321	12.985911	18.488199	0.059522103	vapor
550.49587	6.1635918	1.7615459	0.56768321	46.633581	50.132549	105.88147	49.058293	89.259297	493.09762	12.922654	18.514827	0.059775015	vapor
551.11909	6.2223004	1.7798867	0.56183350	46.624695	50.120591	105.79956	49.172450	89.750495	492.82838	12.859726	18.541568	0.060030156	vapor
551.74232	6.2814353	1.7984085	0.55604719	46.615633	50.108408	105.71753	49.287038	90.247679	492.55545	12.797124	18.568425	0.060287565	vapor
552.36555	6.3409986	1.8171133	0.55032342	46.606395	50.095995	105.63536	49.402060	90.750963	492.27881	12.734846	18.595398	0.060547286	vapor
552.98877	6.4009924	1.8360032	0.54466136	46.596979	50.083353	105.55306	49.517520	91.260468	491.99844	12.672887	18.622492	0.060809360	vapor
553.61200	6.4614188	1.8550805	0.53906017	46.587384	50.070477	105.47061	49.633424	91.776317	491.71431	12.611245	18.649708	0.061073832	vapor
554.23523	6.5222802	1.8743473	0.53351905	46.577607	50.057367	105.38802	49.749775	92.298634	491.42638	12.549916	18.677047	0.061340747	vapor
554.85845	6.5835787	1.8938060	0.52803718	46.567646	50.044021	105.30528	49.866577	92.827549	491.13465	12.488896	18.704513	0.061610151	vapor
555.48168	6.6453164	1.9134589	0.52261379	46.557501	50.030435	105.22239	49.983836	93.363194	490.83906	12.428183	18.732108	0.061882091	vapor
556.10491	6.7074957	1.9333082	0.51724810	46.547169	50.016609	105.13935	50.101556	93.905706	490.53961	12.367774	18.759834	0.062156618	vapor
556.72813	6.7701186	1.9533565	0.51193933	46.536649	50.002539	105.05615	50.219741	94.455224	490.23626	12.307664	18.787693	0.062433781	vapor
557.35136	6.8331875	1.9736061	0.50668673	46.525938	49.988223	104.97278	50.338396	95.011891	489.92898	12.247852	18.815689	0.062713632	vapor
557.97459	6.8967045	1.9940595	0.50148956	46.515034	49.973660	104.88925	50.457525	95.575856	489.61774	12.188333	18.843823	0.062996223	vapor
558.59781	6.9606719	2.0147192	0.49634708	46.503937	49.958846	104.80556	50.577135	96.147268	489.30251	12.129105	18.872098	0.063281610	vapor
559.22104	7.0250920	2.0355879	0.49125858	46.492643	49.943780	104.72168	50.697229	96.726285	488.98326	12.070163	18.900517	0.063569849	vapor
559.84427	7.0899671	2.0566681	0.48622333	46.481151	49.928458	104.63764	50.817812	97.313066	488.65997	12.011506	18.929083	0.063860997	vapor
560.46749	7.1552994	2.0779625	0.48124063	46.469459	49.912880	104.55341	50.938889	97.907776	488.33259	11.953130	18.957798	0.064155114	vapor
561.09072	7.2210911	2.0994739	0.47630980	46.457565	49.897041	104.46899	51.060466	98.510583	488.00111	11.895032	18.986665	0.064452261	vapor
561.71395	7.2873447	2.1212051	0.47143014	46.445466	49.880940	104.38439	51.182547	99.121662	487.66548	11.837208	19.015687	0.064752501	vapor
562.33717	7.3540624	2.1431588	0.46660099	46.433160	49.864573	104.29959	51.305138	99.741192	487.32568	11.779656	19.044867	0.065055898	vapor
562.96040	7.4212465	2.1653379	0.46182168	46.420646	49.847939	104.21460	51.428245	100.36936	486.98166	11.722372	19.074208	0.065362518	vapor
563.58363	7.4888994	2.1877455	0.45709157	46.407921	49.831034	104.12941	51.551871	101.00635	486.63341	11.665353	19.103713	0.065672431	vapor
564.20685	7.5570233	2.2103844	0.45240999	46.394983	49.813856	104.04400	51.676024	101.65236	486.28088	11.608596	19.133386	0.065985706	vapor
564.83008	7.6256207	2.2332578	0.44777633	46.381830	49.796402	103.95839	51.800707	102.30759	485.92404	11.552098	19.163228	0.066302417	vapor
565.45331	7.6946940	2.2563689	0.44318995	46.368458	49.778669	103.87257	51.925928	102.97224	485.56285	11.495856	19.193245	0.066622637	vapor
566.07653	7.7642454	2.2797207	0.43865023	46.354867	49.760655	103.78653	52.051692	103.64654	485.19728	11.439867	19.223438	0.066946444	vapor
566.69976	7.8342774	2.3033166	0.43415656	46.341053	49.742355	103.70026	52.178004	104.33070	484.82729	11.384127	19.253812	0.067273917	vapor
567.32299	7.9047924	2.3271598	0.42970835	46.327013	49.723768	103.61376	52.304871	105.02495	484.45284	11.328634	19.284370	0.067605138	vapor
567.94621	7.9757928	2.3512538	0.42530500	46.312746	49.704891	103.52703	52.432299	105.72951	484.07391	11.273384	19.315116	0.067940189	vapor
568.56944	8.0472810	2.3756020	0.42094592	46.298249	49.685719	103.44006	52.560293	106.44464	483.69044	11.218375	19.346052	0.068279159	vapor
569.19267	8.1192595	2.4002081	0.41663055	46.283519	49.666250	103.35285	52.688860	107.17058	483.30240	11.163603	19.377184	0.068622137	vapor
569.81589	8.1917307	2.4250755	0.41235830	46.268553	49.646481	103.26540	52.818007	107.90758	482.90976	11.109065	19.408515	0.068969214	vapor
570.43912	8.2646970	2.4502079	0.40812863	46.253349	49.626408	103.17769	52.947739	108.65591	482.51246	11.054758	19.440049	0.069320485	vapor
571.06235	8.3381610	2.4756093	0.40394097	46.237904	49.606028	103.08972	53.078063	109.41584	482.11047	11.000679	19.471790	0.069676048	vapor
571.68557	8.4121251	2.5012833	0.39979478	46.222214	49.585338	103.00149	53.208987	110.18765	481.70375	10.946825	19.503742	0.070036004	vapor
572.30880	8.4865919	2.5272340	0.39568952	46.206278	49.564334	102.91298	53.340517	110.97164	481.29225	10.893192	19.535909	0.070400457	vapor
572.93203	8.5615638	2.5534654	0.39162466	46.190093	49.543012	102.82421	53.472659	111.76810	480.87594	10.839778	19.568297	0.070769515	vapor
573.55525	8.6370435	2.5799815	0.38759967	46.173654	49.521369	102.73515	53.605422	112.57735	480.45476	10.786580	19.600908	0.071143288	vapor
574.17848	8.7130333	2.6067867	0.38361405	46.156959	49.499401	102.64581	53.738811	113.39970	480.02867	10.733595	19.633748	0.071521890	vapor
574.80171	8.7895360	2.6338852	0.37966727	46.140005	49.477104	102.55618	53.872836	114.23549	479.59763	10.680818	19.666822	0.071905441	vapor
575.42493	8.8665540	2.6612814	0.37575883	46.122789	49.454475	102.46625	54.007503	115.08505	479.16159	10.628248	19.700134	0.072294061	vapor
576.04816	8.9440901	2.6889799	0.37188824	46.105307	49.431509	102.37602	54.142820	115.94875	478.72051	10.575881	19.733689	0.072687877	vapor
576.67139	9.0221466	2.7169852	0.36805501	46.087556	49.408202	102.28548	54.278794	116.82694	478.27432	10.523714	19.767492	0.073087018	vapor
577.29461	9.1007264	2.7453021	0.36425864	46.069533	49.384551	102.19462	54.415435	117.72002	477.82299	10.471744	19.801549	0.073491619	vapor
577.91784	9.1798321	2.7739354	0.36049866	46.051233	49.360550	102.10344	54.552750	118.62836	477.36647	10.419968	19.835865	0.073901819	vapor
578.54107	9.2594662	2.8028901	0.35677461	46.032654	49.336197	102.01193	54.690748	119.55239	476.90469	10.368382	19.870446	0.074317762	vapor
579.16429	9.3396315	2.8321712	0.35308600	46.013792	49.311485	101.92008	54.829436	120.49251	476.43762	10.316983	19.905296	0.074739595	vapor
579.78752	9.4203307	2.8617840	0.34943239	45.994642	49.286411	101.82790	54.968825	121.44917	475.96519	10.265769	19.940422	0.075167473	vapor
580.41075	9.5015664	2.8917337	0.34581331	45.975202	49.260970	101.73536	55.108923	122.42282	475.48735	10.214736	19.975829	0.075601553	vapor
581.03397	9.5833415	2.9220259	0.34222831	45.955466	49.235157	101.64247	55.249739	123.41393	475.00404	10.163880	20.011525	0.076042000	vapor
581.65720	9.6656585	2.9526661	0.33867696	45.935432	49.208968	101.54921	55.391283	124.42298	474.51522	10.113199	20.047515	0.076488984	vapor
582.28043	9.7485204	2.9836601	0.33515882	45.915094	49.182397	101.45559	55.533565	125.45048	474.02081	10.062690	20.083805	0.076942681	vapor
582.90365	9.8319298	3.0150138	0.33167344	45.894449	49.155439	101.36158	55.676594	126.49696	473.52076	10.012348	20.120402	0.077403272	vapor
583.52688	9.9158896	3.0467331	0.32822041	45.873493	49.128090	101.26719	55.820380	127.56295	473.01501	9.9621715	20.157313	0.077870946	vapor
584.15011	10.000403	3.0788244	0.32479930	45.852220	49.100344	101.17240	55.964935	128.64903	472.50349	9.9121563	20.194545	0.078345897	vapor
584.77333	10.085472	3.1112939	0.32140968	45.830627	49.072195	101.07721	56.110268	129.75579	471.98615	9.8622993	20.232106	0.078828329	vapor
585.39656	10.171100	3.1441483	0.31805116	45.808709	49.043639	100.98161	56.256391	130.88382	471.46291	9.8125972	20.270002	0.079318451	vapor
586.01979	10.257289	3.1773941	0.31472332	45.786460	49.014668	100.88559	56.403315	132.03378	470.93371	9.7630466	20.308241	0.079816479	vapor
586.64301	10.344044	3.2110383	0.31142575	45.763876	48.985278	100.78914	56.551052	133.20631	470.39848	9.7136441	20.346831	0.080322638	vapor
587.26624	10.431366	3.2450880	0.30815806	45.740953	48.955462	100.69226	56.699614	134.40211	469.85715	9.6643863	20.385781	0.080837162	vapor
587.88947	10.519258	3.2795504	0.30491985	45.717684	48.925214	100.59493	56.849012	135.62189	469.30964	9.6152697	20.425098	0.081360293	vapor
588.51269	10.607724	3.3144330	0.30171073	45.694064	48.894529	100.49714	56.999260	136.86641	468.75589	9.5662909	20.464792	0.081892282	vapor
589.13592	10.696767	3.3497436	0.29853031	45.670089	48.863398	100.39889	57.150371	138.13643	468.19582	9.5174465	20.504870	0.082433389	vapor
589.75915	10.786389	3.3854900	0.29537822	45.645752	48.831817	100.30016	57.302357	139.43277	467.62935	9.4687328	20.545343	0.082983885	vapor
590.38237	10.876594	3.4216803	0.29225407	45.621048	48.799777	100.20095	57.455233	140.75627	467.05640	9.4201462	20.586220	0.083544050	vapor
591.00560	10.967384	3.4583230	0.28915749	45.595971	48.767273	100.10124	57.609013	142.10782	466.47689	9.3716833	20.627510	0.084114177	vapor
591.62883	11.058763	3.4954266	0.28608812	45.570515	48.734296	100.00102	57.763712	143.48833	465.89073	9.3233403	20.669223	0.084694568	vapor
592.25205	11.150734	3.5330000	0.28304557	45.544673	48.700839	99.900290	57.919345	144.89877	465.29784	9.2751135	20.711371	0.085285539	vapor
592.87528	11.243300	3.5710525	0.28002949	45.518440	48.666896	99.799028	58.075927	146.34015	464.69813	9.2269993	20.753963	0.085887416	vapor
593.49851	11.336464	3.6095933	0.27703952	45.491808	48.632457	99.697226	58.233474	147.81351	464.09150	9.1789938	20.797011	0.086500541	vapor
594.12173	11.430229	3.6486323	0.27407530	45.464772	48.597515	99.594871	58.392004	149.31996	463.47787	9.1310932	20.840526	0.087125267	vapor
594.74496	11.524599	3.6881794	0.27113648	45.437323	48.562062	99.491952	58.551533	150.86064	462.85714	9.0832938	20.884519	0.087761964	vapor
595.36819	11.619577	3.7282450	0.26822271	45.409455	48.526089	99.388456	58.712079	152.43677	462.22921	9.0355914	20.929005	0.088411014	vapor
595.99141	11.715166	3.7688398	0.26533365	45.381160	48.489588	99.284370	58.873661	154.04959	461.59397	8.9879823	20.973994	0.089072817	vapor
596.61464	11.811369	3.8099747	0.26246894	45.352431	48.452549	99.179680	59.036298	155.70045	460.95132	8.9404622	21.019500	0.089747790	vapor
597.23787	11.908190	3.8516611	0.25962824	45.323261	48.414963	99.074374	59.200009	157.39073	460.30115	8.8930272	21.065537	0.090436366	vapor
597.86109	12.005632	3.8939108	0.25681122	45.293640	48.376821	98.968435	59.364816	159.12188	459.64335	8.8456731	21.112119	0.091138997	vapor
598.48432	12.103699	3.9367359	0.25401755	45.263561	48.338113	98.861851	59.530740	160.89544	458.97781	8.7983957	21.159260	0.091856155	vapor
599.10755	12.202394	3.9801490	0.25124688	45.233014	48.298828	98.754606	59.697802	162.71302	458.30440	8.7511906	21.206975	0.092588332	vapor
599.73077	12.301720	4.0241630	0.24849888	45.201992	48.258956	98.646685	59.866026	164.57631	457.62299	8.7040536	21.255281	0.093336040	vapor
600.35400	12.401682	4.0687913	0.24577323	45.170485	48.218487	98.538070	60.035436	166.48710	456.93347	8.6569801	21.304192	0.094099817	vapor
600.97723	12.502282	4.1140480	0.24306960	45.138484	48.177408	98.428747	60.206057	168.44725	456.23570	8.6099656	21.353728	0.094880221	vapor
601.60045	12.603524	4.1599473	0.24038766	45.105978	48.135710	98.318698	60.377914	170.45875	455.52954	8.5630056	21.403903	0.095677837	vapor
602.22368	12.705412	4.2065042	0.23772709	45.072958	48.093379	98.207905	60.551036	172.52368	454.81486	8.5160953	21.454738	0.096493278	vapor
602.84691	12.807949	4.2537341	0.23508757	45.039413	48.050403	98.096349	60.725449	174.64425	454.09150	8.4692299	21.506251	0.097327183	vapor
603.47013	12.911139	4.3016531	0.23246877	45.005333	48.006769	97.984013	60.901184	176.82278	453.35931	8.4224046	21.558462	0.098180222	vapor
604.09336	13.014987	4.3502778	0.22987037	44.970706	47.962465	97.870876	61.078271	179.06172	452.61814	8.3756142	21.611391	0.099053095	vapor
604.71659	13.119495	4.3996256	0.22729207	44.935520	47.917477	97.756918	61.256743	181.36369	451.86782	8.3288538	21.665059	0.099946536	vapor
605.33981	13.224668	4.4497143	0.22473353	44.899764	47.871790	97.642119	61.436633	183.73143	451.10819	8.2821181	21.719489	0.10086132	vapor
605.96304	13.330509	4.5005626	0.22219444	44.863425	47.825390	97.526456	61.617977	186.16786	450.33906	8.2354016	21.774704	0.10179824	vapor
606.58627	13.437022	4.5521899	0.21967449	44.826490	47.778261	97.409907	61.800811	188.67608	449.56025	8.1886990	21.830727	0.10275816	vapor
607.20949	13.544212	4.6046163	0.21717336	44.788946	47.730389	97.292448	61.985174	191.25938	448.77158	8.1420046	21.887585	0.10374195	vapor
607.83272	13.652082	4.6578629	0.21469073	44.750779	47.681755	97.174056	62.171108	193.92124	447.97283	8.0953126	21.945304	0.10475056	vapor
608.45595	13.760637	4.7119516	0.21222629	44.711974	47.632343	97.054704	62.358655	196.66540	447.16381	8.0486171	22.003910	0.10578497	vapor
609.07917	13.869880	4.7669051	0.20977972	44.672517	47.582136	96.934367	62.547859	199.49581	446.34430	8.0019120	22.063434	0.10684620	vapor
609.70240	13.979816	4.8227473	0.20735070	44.632391	47.531115	96.813017	62.738769	202.41668	445.51408	7.9551910	22.123904	0.10793535	vapor
610.32563	14.090449	4.8795029	0.20493891	44.591579	47.479261	96.690625	62.931435	205.43253	444.67290	7.9084476	22.185352	0.10905356	vapor
610.94885	14.201784	4.9371979	0.20254404	44.550066	47.426553	96.567163	63.125909	208.54816	443.82052	7.8616752	22.247811	0.11020204	vapor
611.57208	14.313824	4.9958595	0.20016576	44.507834	47.372971	96.442598	63.322248	211.76874	442.95668	7.8148669	22.311316	0.11138205	vapor
612.19531	14.426574	5.0555159	0.19780375	44.464863	47.318493	96.316899	63.520510	215.09976	442.08111	7.7680155	22.375903	0.11259495	vapor
612.81853	14.540038	5.1161968	0.19545769	44.421134	47.263096	96.190032	63.720757	218.54715	441.19352	7.7211138	22.441610	0.11384215	vapor
613.44176	14.654222	5.1779334	0.19312724	44.376627	47.206757	96.061961	63.923057	222.11726	440.29363	7.6741540	22.508477	0.11512516	vapor
614.06499	14.769129	5.2407582	0.19081209	44.331322	47.149450	95.932650	64.127480	225.81692	439.38111	7.6271284	22.576546	0.11644556	vapor
614.68821	14.884764	5.3047054	0.18851188	44.285194	47.091149	95.802059	64.334099	229.65348	438.45564	7.5800287	22.645861	0.11780505	vapor
615.31144	15.001133	5.3698111	0.18622629	44.238222	47.031828	95.670148	64.542996	233.63487	437.51687	7.5328464	22.716468	0.11920540	vapor
615.93467	15.118239	5.4361129	0.18395497	44.190381	46.971456	95.536875	64.754255	237.76967	436.56444	7.4855726	22.788418	0.12064851	vapor
616.55789	15.236088	5.5036507	0.18169758	44.141645	46.910005	95.402194	64.967965	242.06714	435.59795	7.4381981	22.861761	0.12213641	vapor
617.18112	15.354685	5.5724663	0.17945376	44.091987	46.847443	95.266059	65.184225	246.53732	434.61700	7.3907132	22.936552	0.12367124	vapor
617.80435	15.474034	5.6426039	0.17722314	44.041379	46.783736	95.128419	65.403138	251.19111	433.62117	7.3431079	23.012850	0.12525529	vapor
618.42757	15.594141	5.7141102	0.17500537	43.989790	46.718849	94.989224	65.624813	256.04037	432.60999	7.2953716	23.090716	0.12689099	vapor
619.05080	15.715012	5.7870345	0.17280008	43.937190	46.652745	94.848416	65.849371	261.09801	431.58298	7.2474931	23.170214	0.12858097	vapor
619.67403	15.836650	5.8614289	0.17060686	43.883544	46.585386	94.705939	66.076940	266.37813	430.53963	7.1994609	23.251414	0.13032800	vapor
620.29725	15.959062	5.9373489	0.16842534	43.828818	46.516728	94.561730	66.307657	271.89615	429.47939	7.1512628	23.334390	0.13213508	vapor
620.92048	16.082252	6.0148529	0.16625511	43.772974	46.446730	94.415724	66.541671	277.66898	428.40167	7.1028856	23.419218	0.13400542	vapor
621.54371	16.206227	6.0940034	0.16409574	43.715971	46.375344	94.267851	66.779143	283.71519	427.30587	7.0543159	23.505984	0.13594248	vapor
622.16693	16.330993	6.1748667	0.16194682	43.657769	46.302521	94.118038	67.020247	290.05523	426.19130	7.0055391	23.594774	0.13794996	vapor
622.79016	16.456554	6.2575135	0.15980788	43.598322	46.228209	93.966207	67.265172	296.71168	425.05727	6.9565399	23.685685	0.14003189	vapor
623.41339	16.582916	6.3420194	0.15767848	43.537582	46.152351	93.812273	67.514123	303.70956	423.90301	6.9073018	23.778817	0.14219260	vapor
624.03661	16.710086	6.4284649	0.15555813	43.475498	46.074888	93.656146	67.767324	311.07658	422.72769	6.8578075	23.874281	0.14443680	vapor
624.65984	16.838070	6.5169367	0.15344633	43.412016	45.995756	93.497732	68.025019	318.84365	421.53045	6.8080382	23.972193	0.14676960	vapor
625.28307	16.966873	6.6075275	0.15134254	43.347076	45.914886	93.336927	68.287476	327.04525	420.31032	6.7579740	24.072680	0.14919655	vapor
625.90629	17.096502	6.7003372	0.14924622	43.280617	45.832205	93.173621	68.554989	335.71998	419.06629	6.7075935	24.175878	0.15172374	vapor
626.52952	17.226963	6.7954735	0.14715678	43.212569	45.747633	93.007695	68.827881	344.91128	417.79722	6.6568732	24.281934	0.15435780	vapor
627.15275	17.358263	6.8930526	0.14507361	43.142859	45.661085	92.839020	69.106508	354.66809	416.50191	6.6057883	24.391009	0.15710604	vapor
627.77597	17.490408	6.9932006	0.14299604	43.071409	45.572468	92.667457	69.391264	365.04586	415.17903	6.5543114	24.503274	0.15997650	vapor
628.39920	17.623405	7.0960543	0.14092339	42.998133	45.481683	92.492854	69.682590	376.10762	413.82714	6.5024128	24.618921	0.16297805	vapor
629.02243	17.757261	7.2017629	0.13885489	42.922936	45.388619	92.315048	69.980971	387.92534	412.44466	6.4500603	24.738156	0.16612055	vapor
629.64565	17.891984	7.3104893	0.13678975	42.845717	45.293156	92.133857	70.286954	400.58157	411.02982	6.3972181	24.861205	0.16941497	vapor
630.26888	18.027579	7.4224120	0.13472709	42.766362	45.195166	91.949085	70.601152	414.17149	409.58071	6.3438472	24.988319	0.17287357	vapor
630.89211	18.164057	7.5377276	0.13266598	42.684751	45.094503	91.760514	70.924254	428.80536	408.09518	6.2899042	25.119773	0.17651011	vapor
631.51533	18.301423	7.6566531	0.13060537	42.600745	44.991009	91.567904	71.257042	444.61174	406.57085	6.2353411	25.255874	0.18034013	vapor
632.13856	18.439686	7.7794291	0.12854414	42.514194	44.884507	91.370989	71.600402	461.74136	405.00505	6.1801042	25.396962	0.18438125	vapor
632.76179	18.578855	7.9063239	0.12648103	42.424930	44.774803	91.169471	71.955350	480.37213	403.39476	6.1241333	25.543420	0.18865355	vapor
633.38501	18.718939	8.0376379	0.12441466	42.332765	44.661676	90.963018	72.323051	500.71562	401.73660	6.0673604	25.695677	0.19318011	vapor
634.00824	18.859948	8.1737090	0.12234348	42.237487	44.544879	90.751255	72.704851	523.02532	400.02670	6.0097088	25.854219	0.19798756	vapor
634.63147	19.001891	8.3149203	0.12026574	42.138856	44.424133	90.533755	73.102318	547.60758	398.26061	5.9510908	26.019602	0.20310687	vapor
635.25469	19.144779	8.4617080	0.11817945	42.036599	44.299118	90.310035	73.517284	574.83612	396.43322	5.8914058	26.192461	0.20857440	vapor
635.87792	19.288625	8.6145731	0.11608236	41.930401	44.169470	90.079537	73.951915	605.17151	394.53859	5.8305377	26.373533	0.21443312	vapor
636.50115	19.433441	8.7740951	0.11397187	41.819899	44.034765	89.841616	74.408782	639.18786	392.56974	5.7683515	26.563677	0.22073435	vapor
637.12437	19.579241	8.9409500	0.11184494	41.704671	43.894510	89.595521	74.890974	677.60981	390.51838	5.7046892	26.763907	0.22754000	vapor
637.74760	19.726041	9.1159340	0.10969803	41.584217	43.748125	89.340365	75.402230	721.36494	388.37465	5.6393640	26.975430	0.23492564	vapor
638.37083	19.873857	9.2999948	0.10752694	41.457946	43.594921	89.075095	75.947133	771.65943	386.12656	5.5721537	27.199701	0.24298470	vapor
638.99405	20.022709	9.4942729	0.10532665	41.325147	43.434071	88.798446	76.531357	830.08978	383.75944	5.5027913	27.438502	0.25183438	vapor
639.61728	20.172618	9.7001596	0.10309109	41.184954	43.264571	88.508878	77.162030	898.81238	381.25504	5.4309527	27.694046	0.26162405	vapor
640.24051	20.323606	9.9193767	0.10081279	41.036301	43.085180	88.204495	77.848236	980.80822	378.59032	5.3562403	27.969128	0.27254774	vapor
640.86373	20.475699	10.154091	0.098482472	40.877853	42.894350	87.882920	78.601757	1080.3112	375.73557	5.2781606	28.267362	0.28486286	vapor
641.48696	20.628924	10.407084	0.096088395	40.707907	42.690107	87.541127	79.438176	1203.5289	372.65173	5.1960925	28.593517	0.29891966	vapor
642.11019	20.783311	10.682007	0.093615370	40.524244	42.469882	87.175173	80.378599	1359.9165	369.28608	5.1092423	28.954076	0.31520910	vapor
642.73341	20.938889	10.983789	0.091043266	40.323902	42.230247	86.779796	81.452445	1564.5596	365.56517	5.0165776	29.358143	0.33444501	vapor
643.35664	21.095690	11.319316	0.088344557	40.102789	41.966478	86.347739	82.702207	1842.9709	361.38272	4.9167255	29.819031	0.35771369	vapor
643.97987	21.253742	11.698639	0.085480027	39.855024	41.671794	85.868579	84.192176	2241.6693	356.57718	4.8078112	30.357213	0.38676946	vapor
644.60309	21.413068	12.137314	0.082390551	39.571665	41.335899	85.326484	86.026110	2854.6107	350.88625	4.6871746	31.006363	0.42468632	vapor
645.22632	21.573687	12.661606	0.078978924	39.237921	40.941788	84.695283	88.388936	3902.1763	343.84079	4.5508036	31.827470	0.47754812	vapor
645.84955	21.735617	13.322837	0.075059087	38.825500	40.456955	83.924914	91.674407	6046.6055	334.45366	4.3918281	32.950376	0.56016196	vapor
646.47277	21.898932	14.257472	0.070138663	38.260445	39.796407	82.884300	97.125026	12641.244	319.79727	4.1939468	34.764976	0.72825070	vapor
647.09600	22.064000	17.873728	0.055948037	36.313998	37.548435	79.392600	undefined	undefined	undefined	3.7410282	94.111352	undefined	vapor
